43.2758
54.0352
70.1153
39.0083
58.6944
28.303
77.9496
54.751
60.0014
66.1199
64.6633
25.5323
57.9238
56.8911
55.6124
53.5201
64.4464
55.6785
58.1427
52.3958
40.4134
47.3697
55.1651
69.5789
60.0002
60.3272
45.5173
49.0047
49.9976
67.2688
58.3067
52.4157
52.203
68.6322
61.6832
71.5399
55.9669
58.7678
46.3132
28.1213
57.2284
53.384
65.8581
54.2246
61.9896
70.0827
64.4309
68.4303
55.8274
62.6903
57.3458
60.6333
26.5114
53.7632
49.2838
68.523
43.5811
56.0379
51.5639
64.7682
57.1081
50.9161
50.6679
48.2699
58.5103
67.8085
45.6032
59.1258
60.3588
61.5723
61.0649
59.3887
52.3548
56.5532
60.6938
49.7216
54.5699
53.6139
53.7692
58.5187
59.558
57.2174
44.0724
51.4114
54.9147
68.172
60.7823
61.6804
27.2305
58.1653
56.3926
48.4393
76.1118
29.1326
56.2518
55.9347
56.0991
58.2649
25.2128
69.3492
59.821
46.9534
52.5391
26.189
51.5039
57.759
63.1079
47.7366
25.38
56.6767
50.6711
56.6042
54.856
69.545
56.5127
64.9521
55.9199
60.5957
63.2518
55.4234
63.2212
47.5475
57.8943
64.3273
61.9481
49.2022
58.2694
44.3205
60.8908
61.8993
65.3369
55.9503
67.3397
61.73
46.4936
60.1197
52.4989
69.2737
64.0798
52.1904
57.3434
53.5938
73.7624
55.8457
29.6015
51.748
53.0294
54.1769
52.9556
61.0765
64.7578
41.0459
54.6424
59.8066
45.9786
67.698
76.4443
55.6494
56.1589
73.0264
44.8094
46.7289
63.671
56.144
64.5302
69.1934
57.0544
56.5026
57.9535
27.2072
72.0706
56.6512
59.6809
67.4715
53.3354
53.6791
50.7747
60.882
65.4074
69.1781
55.2106
55.8263
54.1178
57.6678
54.983
56.2534
58.5074
57.5658
41.1842
62.3751
55.5204
53.6871
57.4176
29.832
56.1673
56.675
60.5498
52.8801
47.9777
55.0872
53.7907
68.0375
42.4702
65.4632
48.7753
33.7722
63.2984
67.1128
48.6289
63.1958
50.4441
64.1786
49.6074
64.3336
34.6901
43.2636
59.1467
65.6922
56.8855
61.0128
61.656
53.2276
49.2554
54.8564
63.9863
56.625
57.1605
54.6379
61.1715
41.7657
55.5231
47.2892
60.7946
74.2558
57.4736
58.3738
54.69
60.293
50.8546
61.9046
60.9513
60.6664
61.1569
64.1872
60.6268
51.4383
32.8202
66.4543
56.6792
46.4116
52.9715
53.2137
57.4058
57.3861
53.2804
49.3332
55.2208
52.8553
45.5528
57.5156
46.2017
58.8589
53.7035
52.7309
51.6176
62.8039
38.4051
66.2416
75.1731
59.0687
54.1395
62.5854
53.6167
61.3528
63.1319
65.3609
55.1702
45.7484
55.3834
59.0957
47.6619
59.2896
56.8531
31.4886
24.7068
59.2131
59.5603
63.397
58.0401
55.0592
58.3502
56.8029
66.7425
58.7749
63.7809
33.5411
62.6842
67.8428
55.6515
58.405
56.2072
60.7828
50.069
27.6097
58.7517
72.3036
69.9592
52.0335
69.0457
54.0548
70.8835
26.0489
52.3812
64.4791
55.4012
59.7445
66.4224
45.6452
53.7314
60.4405
57.9855
30.305
57.1075
54.4856
42.9812
43.1394
65.0687
56.7608
60.1401
47.9112
53.5357
65.5672
56.306
61.8117
70.1737
56.2723
58.8234
55.2548
51.293
53.1988
61.0603
69.8445
55.8567
71.341
70.8234
56.8841
49.6352
62.7757
45.5504
62.0338
52.8231
68.7388
59.0047
42.6901
30.3754
43.9876
45.745
59.1308
56.984
77.3787
58.733
58.3982
30.8619
58.0047
56.9516
67.5923
50.0612
54.4878
55.9844
58.5365
57.8153
55.4459
56.2459
58.7805
59.7442
27.277
53.409
56.2007
37.8076
57.9722
64.258
52.8551
60.6521
58.1969
24.5461
54.6338
49.7062
55.687
72.2753
62.4981
57.8382
26.8044
53.4728
42.3728
53.8322
52.8386
80.1603
61.3965
62.279
54.8066
67.4428
68.9117
59.3228
51.6001
47.6922
57.817
61.5758
53.2393
50.6488
71.6664
58.75
55.393
70.9579
45.9683
55.914
55.5681
58.2576
51.3815
50.9636
60.605
24.779
55.2859
67.5428
62.4292
63.0629
57.7575
57.4052
65.3425
61.5142
58.443
29.6877
25.5795
61.6403
53.4288
52.633
59.3931
61.971
32.5548
63.7823
67.9638
61.6372
70.5595
63.1625
59.6183
74.0387
69.4291
63.3044
26.4267
55.9619
48.2218
56.7396
68.5014
47.6839
58.8083
56.457
28.4366
55.8135
48.1737
66.1056
61.8016
58.9469
69.9689
58.0728
69.4624
57.7954
48.7715
64.5207
54.3927
38.8563
24.6903
63.1939
66.321
47.8317
51.1893
25.8994
56.4605
63.9875
44.2243
28.1215
59.568
61.4385
47.4586
55.4547
55.4311
72.7027
70.6004
25.2053
60.1788
52.614
65.2942
54.4796
24.4393
59.3543
33.219
40.8179
62.3903
73.0321
63.0553
58.1185
54.2136
49.8777
41.7618
59.8188
60.2642
77.3748
56.1912
55.5742
55.0889
62.8159
64.8159
41.2011
62.6298
50.1873
60.7751
51.5664
53.7033
70.7796
63.6299
64.2835
49.8024
71.0213
48.8249
56.1613
46.9264
55.552
27.5054
60.6307
69.4762
60.5289
61.5242
55.1342
57.0484
55.0083
27.924
59.363
43.0208
57.0157
57.1372
48.9675
59.99
56.5108
50.4432
76.5223
56.9641
28.1422
57.7754
61.0208
57.4666
60.0056
49.8507
59.3374
50.0769
51.8317
57.6169
75.3556
49.7387
51.8264
49.1873
55.282
27.3039
75.0614
51.2951
59.9916
63.4613
26.6026
61.5768
63.1967
48.059
25.0617
57.7279
27.8164
59.8929
66.7261
57.3004
55.0466
56.868
62.9471
70.2056
60.4997
60.7683
53.4953
59.7151
65.1571
63.8931
55.2348
53.6128
62.2343
56.8759
63.6632
73.4648
59.9395
54.1947
46.7582
58.8416
59.7477
29.959
53.8852
70.6029
62.0717
52.4881
56.076
51.8429
55.0232
48.2013
52.7983
52.3783
60.9846
41.4969
55.7656
61.9053
63.0518
61.517
25.7901
57.2446
52.8849
51.7534
46.6599
62.6552
67.486
53.6632
45.4868
65.663
64.16
40.429
63.8389
58.9256
42.171
54.9356
56.3874
59.5622
46.6853
60.5264
43.8185
55.7991
56.0369
70.5968
59.1349
60.5967
51.0297
57.0597
55.7111
64.6154
57.8413
56.9057
60.8107
54.7629
57.606
58.7103
57.9515
58.4726
49.4691
56.248
69.3748
59.4658
45.8996
56.3378
60.5362
61.0187
58.6262
41.9443
52.4786
62.8714
54.1422
61.091
51.8211
60.1681
52.1358
63.0072
55.7857
47.2962
51.8795
60.8379
54.232
55.1574
52.3427
74.769
45.879
29.6648
48.2957
63.1295
78.7738
60.5096
48.4216
54.5894
59.8459
62.2241
57.5172
57.5523
66.8817
45.4904
57.976
54.159
60.9745
58.9757
56.2303
54.9942
65.2165
60.0051
67.9287
58.582
70.8034
57.4205
70.2945
58.8333
54.3601
59.5985
61.5604
55.4981
42.9044
62.32
56.8312
54.0111
52.6624
66.1065
59.781
56.5995
27.8654
49.6408
52.7828
63.5953
54.6896
28.9362
67.0406
64.0571
55.6139
29.4037
25.3264
45.9272
29.5475
52.1314
53.0036
68.3494
57.785
65.915
24.2914
58.9715
61.3749
52.6365
67.6837
58.2131
49.6655
72.2423
50.2842
58.2615
49.1627
25.9261
64.7598
54.624
48.4585
67.3942
49.3154
52.3168
76.013
58.7203
72.5761
44.3572
47.0593
61.6996
54.0389
26.1037
64.177
57.4844
61.9175
66.7385
71.1242
59.8887
64.449
62.179
48.3436
72.6386
45.7126
57.6487
59.3707
80.7451
60.8913
66.7091
45.9535
61.7783
69.0951
59.0695
48.9086
67.7641
69.162
53.3354
59.8376
57.9733
59.8759
54.7662
58.2513
57.7908
61.2001
50.3829
59.0647
63.2896
26.0698
80.1606
59.154
60.6169
45.5648
57.2965
49.8483
61.5907
48.5604
50.3817
46.5479
58.8485
50.4636
58.3459
54.6866
38.2284
46.2752
29.1491
54.1367
52.6558
41.364
54.9165
57.6202
57.1906
66.4715
57.0742
58.919
54.5914
63.9553
60.6076
50.3658
54.7481
64.0211
48.963
43.6413
55.2454
61.0283
53.3692
61.7107
62.3565
56.2729
49.614
54.1192
50.7504
60.5157
48.8746
56.8572
55.6465
58.916
53.042
60.6172
60.6452
44.7005
31.1539
51.5757
64.5694
44.5949
65.9414
57.8237
57.763
54.7411
59.7214
27.9745
65.9425
48.2191
61.3372
63.7471
69.9195
59.7626
54.8693
69.8768
54.0837
30.0554
55.992
58.7904
57.602
52.0607
60.9519
34.9681
56.2648
56.8832
53.4643
58.7228
58.7166
66.1683
72.4565
59.2943
61.6571
61.5241
56.7137
57.0475
52.0697
68.866
63.0893
61.6619
72.7495
55.6565
65.9064
57.4109
46.541
56.7619
49.4302
51.558
62.7689
51.1599
64.8345
59.1509
51.5911
53.4367
54.2746
25.3439
32.486
59.2157
51.1688
51.7629
55.0519
52.0425
54.7629
58.1463
51.6759
59.7954
54.5207
63.7405
51.8712
56.9131
56.6447
60.7438
61.2179
62.5029
25.6238
60.2258
69.22
59.4097
56.9017
65.9432
59.0687
71.048
62.5793
63.5062
46.6925
51.6494
53.9972
26.8755
49.0514
50.7567
50.2829
45.8043
79.3279
83.5881
48.6184
26.4987
49.5668
63.9492
57.9974
57.3348
58.8701
53.2274
65.7252
60.857
76.6845
44.6155
71.0303
63.649
40.9411
70.0377
65.3451
53.1914
44.1649
57.5162
28.7792
45.6692
59.2524
51.811
62.1615
26.8188
62.261
54.3754
58.1746
24.936
60.7652
58.1023
55.8364
44.221
65.4295
60.4397
62.1393
30.9448
73.8278
25.5515
57.3625
55.4607
65.4133
62.0949
37.6977
24.5718
48.3695
50.0117
48.5614
52.83
61.0706
57.0876
57.0412
57.8121
52.6655
60.3951
55.4029
