47.2203
15.8135
32.3797
46.9823
43.9695
40.6263
15.0227
16.5256
14.8487
54.6213
46.5422
17.4452
14.2874
39.8653
29.7271
50.1452
16.7752
17.1521
15.0421
18.9519
51.0942
41.8349
40.5755
35.1837
23.4574
30.0539
41.6747
20.2681
14.8594
17.3759
36.3675
15.014
35.8424
49.1869
17.478
29.2347
15.083
29.0274
14.8772
29.4004
15.9556
26.269
35.3026
31.1115
47.7376
47.3364
24.136
29.2376
14.2331
38.7277
14.9506
43.9132
35.6064
32.8269
39.9314
15.9423
39.8067
14.5379
24.2513
32.0154
38.8766
14.3752
35.9919
18.0144
30.4528
24.4969
38.3209
40.0235
34.5995
23.3877
14.7234
27.3421
15.1474
22.4148
25.9922
15.1136
37.1775
47.0446
35.7879
35.3132
16.4979
32.0232
35.3921
19.8893
38.4384
22.1003
39.1782
18.0134
27.4157
27.7739
15.17
19.2036
26.2426
33.3499
15.4888
15.2596
23.9879
39.8887
51.8514
13.6202
28.6825
20.862
17.358
16.6394
13.1921
21.4239
21.0434
14.6959
16.091
28.3912
41.9437
14.5953
43.4365
18.3511
19.2798
42.8663
36.1726
13.7235
18.5162
35.159
39.8135
22.6806
14.3421
49.2212
16.379
14.5995
16.1466
39.0872
14.2262
22.4134
45.4728
24.4892
16.3515
39.0852
39.3905
32.958
42.5937
26.0071
14.2526
19.163
34.5911
22.635
15.3173
15.4059
15.9861
34.8074
40.5041
54.0987
17.7223
20.5653
27.2616
36.7497
30.49
29.221
17.7588
43.8939
14.9316
43.2994
34.7212
41.9057
18.255
17.5361
15.5964
22.9026
26.7634
14.264
30.7367
32.4789
18.402
15.6598
20.2032
16.5781
27.3039
14.8101
35.2801
15.4466
38.2432
17.1521
13.8341
15.2811
46.7685
38.1939
15.3433
22.3485
27.4077
26.1754
13.5666
35.8877
46.8945
16.0544
43.3358
31.6322
39.2383
26.3365
20.8736
29.9884
27.4245
33.6508
29.2897
15.4446
31.1349
41.2834
13.7686
31.4915
35.5176
23.3008
15.2396
23.27
37.6852
14.607
38.3589
15.1508
17.6569
15.7565
15.7268
38.3804
38.9704
42.8055
15.5437
48.8293
31.2081
30.3843
28.6056
42.1257
16.3818
41.5184
42.7814
20.9727
14.3235
38.2517
14.3098
13.5434
15.2643
27.9491
17.1436
14.142
13.9276
14.123
29.9412
31.6358
41.6921
14.6559
14.4122
40.1454
15.0679
39.9419
39.6645
13.8541
35.5471
26.3236
14.3053
13.4004
30.5255
27.3084
43.8537
38.8102
29.3765
22.6431
14.1183
35.8169
29.4042
16.472
26.4866
16.4192
40.7102
36.2552
25.2163
55.4332
39.3009
20.9458
14.8109
14.3511
26.7519
22.9402
43.7499
21.8818
47.8762
15.4865
16.0163
38.2532
39.2836
37.6209
42.5597
49.8274
23.4904
15.993
33.6863
33.8362
14.552
21.5448
36.3648
39.0118
13.6862
47.6533
29.9826
13.1798
42.0509
42.6496
49.4118
16.7028
40.9968
22.0933
16.4051
14.5636
37.6563
14.6128
43.0169
32.1254
47.3214
30.5504
13.9031
32.9
15.516
50.1865
55.4126
30.5578
22.5654
43.4932
39.2014
44.6436
16.3959
36.982
15.6624
31.9785
29.3199
24.5923
16.3211
16.7163
20.713
44.8967
15.0969
47.769
38.7902
44.2342
14.2489
36.8952
14.2161
14.779
15.4009
51.678
39.764
13.7534
24.4412
19.1543
14.3724
25.3991
56.3588
13.9502
38.8404
15.0521
15.0117
23.2241
38.0359
16.6037
50.0426
43.3234
12.8161
36.9637
32.6026
29.9332
15.3266
14.6097
40.4091
16.9667
55.7193
45.9303
32.3643
24.2802
49.4949
29.4126
14.8474
14.4363
15.0356
33.6612
32.3835
15.3046
19.1034
36.9662
30.3649
17.2797
38.4735
14.4904
15.388
21.6013
13.8553
46.9643
35.0542
30.272
43.1094
32.4894
50.1037
21.1283
47.5138
26.2036
47.774
49.489
25.4768
35.8696
14.051
16.1815
16.1171
38.3686
16.3169
34.2902
30.593
35.8544
40.4605
14.0949
21.8069
35.8987
14.3799
14.032
24.9201
40.1193
51.418
14.6546
17.6467
15.8556
13.8237
30.7346
22.5638
15.6633
32.1648
26.6505
38.0408
40.9572
56.9013
21.9806
14.5046
32.3809
34.5282
36.1189
16.6744
16.4256
37.3566
33.886
46.401
14.1956
16.5253
23.3756
44.7744
31.0161
45.924
23.3239
33.074
38.5842
45.1001
13.6795
17.1906
36.685
13.7197
30.5425
14.7218
43.3146
31.1953
39.6699
24.3064
34.0945
24.8737
47.1776
37.1868
18.1141
54.7926
28.5432
15.1778
50.6345
45.2768
37.3216
15.1428
14.6313
27.8544
23.381
15.5649
20.8161
35.6971
40.2615
13.842
41.1127
36.6961
13.7405
34.6379
13.96
13.1023
13.4083
18.5462
30.7408
48.0029
13.8176
49.306
18.9831
19.1051
29.9462
15.0981
14.3482
24.7652
23.6617
37.4523
51.7522
14.5013
46.9086
37.1492
16.065
15.6594
18.583
27.6822
15.1611
20.5885
56.4134
30.2516
24.9453
25.8339
13.0145
13.8026
14.8698
14.7306
28.0174
51.0939
22.429
13.3657
13.591
31.5821
46.4916
42.1987
49.3286
14.9029
29.9378
34.7597
28.6298
32.629
41.2654
30.4256
37.247
31.0543
32.6074
26.6472
16.057
15.2417
36.2155
44.7201
38.3829
15.603
46.8898
15.1251
34.7027
27.646
28.8174
16.0747
16.9542
47.5485
23.8925
47.5671
27.7909
15.7906
35.5482
13.722
29.908
46.1508
39.5632
46.7284
13.4201
16.4525
43.9465
14.7428
32.9049
14.2569
18.6146
14.7037
32.0746
45.6732
44.2356
25.8643
15.0392
18.1202
34.0776
35.9475
14.608
14.9272
15.8767
25.4161
15.5674
15.7471
35.2795
39.0268
14.8656
15.2854
25.4897
44.4161
14.5713
14.2204
19.3693
38.8806
32.2676
13.9261
45.8562
19.9245
15.8505
15.4173
38.8892
54.8365
25.7512
29.0611
40.2484
20.1236
31.6875
43.2979
30.5703
29.797
25.6416
33.842
29.7967
16.1847
13.8673
20.8885
36.9398
27.9392
16.3263
20.7512
27.8231
21.9878
39.3031
14.9059
14.2063
15.7543
35.4367
15.0522
39.0148
52.4339
35.1343
33.3284
16.2109
18.665
23.5067
41.0573
34.3925
27.7319
13.3875
28.8363
17.393
15.552
23.2721
55.7839
40.7397
35.3257
32.7895
28.0121
39.3828
22.2855
14.3214
23.0138
27.0635
44.2568
15.8443
24.249
39.0732
25.3411
14.7152
26.1446
16.6316
32.4341
21.7408
30.7006
19.2805
38.2896
31.3718
16.0298
13.4875
43.9521
18.2955
25.1269
30.8226
15.3204
14.5624
44.2791
24.202
23.5792
13.4813
41.6278
17.6556
27.7012
33.5216
37.159
33.6405
25.7557
25.7296
28.8154
41.7341
16.1865
14.0536
17.4836
14.8027
34.6176
22.0499
49.0623
19.9482
13.514
14.3834
17.2288
49.5976
23.2815
41.7784
24.4216
41.0286
30.7795
14.0617
15.7564
25.8079
29.3026
35.4121
48.6964
21.0831
13.2024
39.4074
16.2425
14.5943
32.6585
22.3168
39.9523
32.505
14.5796
14.3163
35.1744
13.3799
15.058
18.5936
14.3315
15.3734
42.9646
21.6744
14.8952
37.3228
45.513
21.7099
28.831
40.1991
47.2828
15.0129
30.8254
14.9757
14.3416
26.3425
41.2547
14.1254
47.7688
36.5213
16.486
43.5776
15.1288
25.5525
23.2624
13.6258
14.1903
19.3642
30.7058
37.5823
13.2389
31.0262
14.0267
37.4772
16.2571
32.2139
44.7325
31.8615
15.1586
25.9811
37.2435
17.4926
42.0026
13.7512
44.9016
14.3459
35.6005
41.8968
41.4663
25.0535
34.9158
14.437
41.8127
25.7616
38.5261
37.9277
35.8019
17.3753
39.0415
37.8885
19.2188
31.0364
28.5722
48.1208
25.1064
44.3198
33.8554
42.904
41.772
63.3184
28.259
28.9594
16.5024
14.5912
33.8802
34.4204
15.6169
16.0142
35.6632
15.5127
16.1442
14.7851
28.7552
39.7118
34.6032
15.2028
45.5273
14.6813
51.6912
35.7098
18.7796
14.7987
23.4422
15.7689
18.6387
31.7109
14.6022
39.4832
21.0249
51.9442
34.2662
54.1331
35.0403
36.6368
23.6105
29.1165
45.0001
14.0193
28.2165
15.0938
18.4483
24.4423
42.0994
14.8953
33.4829
13.7587
34.9594
15.9815
14.8354
28.6261
41.139
13.9198
15.1136
46.8354
27.0368
28.7915
15.3913
33.4443
43.5953
55.3002
13.8869
46.4413
22.0559
36.7081
16.1622
16.0882
35.1646
16.0391
41.5411
52.5141
55.149
14.4553
36.8662
26.6098
24.8528
27.8794
15.1434
14.7104
47.5079
23.6512
26.3621
43.1001
14.9938
14.6764
42.0616
16.1401
28.1776
47.3826
48.7539
36.9085
29.5098
14.6067
40.3714
32.2118
15.091
16.3905
27.5306
34.2861
31.887
30.2235
39.6929
39.9152
26.3449
46.0812
30.4143
32.3426
24.4975
25.0877
16.2865
16.2685
13.5868
42.0494
30.2954
14.4805
15.6285
41.4181
13.7167
37.83
31.7194
15.948
36.9828
14.3742
15.2195
39.4609
32.9809
29.4295
14.5372
39.9216
24.2295
35.9179
15.3987
30.3236
37.8207
40.2692
13.9147
15.2433
39.2146
38.4852
36.699
21.6754
35.3108
27.098
37.4258
16.0298
30.4752
14.6737
14.3274
15.2637
14.325
35.7553
16.5498
15.736
40.0574
43.4305
40.9
15.2226
42.7385
14.4021
25.971
21.6641
46.1133
42.084
43.2344
38.4137
42.1432
14.6597
15.1664
39.006
23.7417
47.4843
24.5735
23.7991
46.7353
29.704
18.0864
15.081
16.8145
22.9107
35.4324
14.0225
14.8236
46.3361
29.8076
26.3908
14.0876
33.4987
14.7177
41.6563
14.6477
26.9245
23.0967
17.4578
18.7706
25.6663
42.736
36.2727
17.3632
39.1425
42.5586
32.9313
14.9665
15.2833
44.3588
15.7295
15.9808
50.0268
