24.6542
26.9248
13.3915
15.7411
12.8583
44.5696
29.1923
13.3252
14.4575
27.1805
15.3328
26.5327
22.1787
16.557
14.205
14.8024
28.2504
20.4701
36.9834
15.4013
24.4602
14.2345
15.1166
13.6885
14.7891
12.734
30.4228
46.3986
30.3889
18.4562
14.3584
13.4213
13.5522
21.1153
14.7128
24.2998
25.7335
21.3643
14.4828
14.7698
13.2226
40.2671
14.9992
36.738
13.2444
27.8644
15.8222
37.1439
29.8543
15.1426
31.4112
13.1457
21.6353
18.1685
15.2754
48.8549
29.6948
34.5547
32.9699
33.6714
22.9488
31.0013
15.3109
38.9754
27.4914
27.913
35.4213
42.4227
17.3111
30.3465
13.4686
21.9012
15.4189
38.6359
12.9372
14.9335
18.0837
33.1455
24.1828
13.2096
13.1552
16.9359
16.269
16.3289
15.3532
12.5719
13.7233
18.8354
43.8231
46.8787
13.8834
14.3351
13.4495
14.3819
13.785
17.8998
33.7664
13.307
14.2888
16.4401
39.029
21.6675
12.8055
13.127
13.4026
28.4171
27.6428
13.0231
16.7008
14.668
15.8836
40.302
15.8978
13.1567
12.9402
15.1405
27.2075
13.9083
30.65
19.4318
35.0877
29.6348
30.0773
21.3768
14.0659
23.3434
17.1093
26.2462
14.9043
43.8173
21.2322
20.5056
13.9175
25.2488
14.7496
14.8721
32.2752
20.6315
28.3684
14.9898
31.2593
13.0059
14.8012
15.7751
14.4789
29.9147
13.4359
16.6946
18.0692
32.0081
31.0924
14.0062
18.5532
28.1869
37.0239
14.1553
13.5455
25.7809
14.5131
39.3695
19.4115
13.8869
15.2083
33.881
15.5582
22.7188
36.5588
17.7899
18.0668
13.3915
15.5334
13.6693
16.3982
20.276
28.1983
12.9596
13.9021
22.7924
13.3723
25.1054
40.4718
39.8021
21.0928
32.6282
14.8596
32.9493
31.2164
14.0142
17.1596
30.9302
18.2586
38.5055
12.9531
24.9222
22.5382
30.0966
25.6676
35.5403
23.8917
26.2778
32.3737
31.6135
15.0602
24.0525
26.0311
33.7507
20.5934
14.2485
13.7552
13.8007
23.6267
31.0077
15.1611
29.6669
20.7839
27.709
14.2146
19.7661
33.9137
37.1618
14.2257
36.7293
32.6841
23.3205
13.6643
25.303
15.4363
13.3463
36.4892
14.2954
24.1386
20.2108
33.4403
15.7172
14.0191
14.2952
16.5456
41.9565
25.384
15.4275
34.659
23.2971
25.1606
45.5645
12.8457
16.9956
31.5137
13.19
13.2002
13.9665
26.9285
15.1352
31.5974
30.4528
26.5031
13.3612
13.5595
13.4807
41.42
14.8711
43.2803
13.7824
16.1185
35.671
20.3939
35.9911
30.2628
17.8549
16.83
26.9531
33.9019
14.0408
23.2804
13.0217
35.9163
32.445
15.6933
14.9178
19.5177
24.7146
21.9162
15.9947
14.7373
14.5474
13.9368
13.2939
35.9105
34.4579
17.6186
26.9381
20.3596
16.3603
26.4302
14.3391
13.5751
13.2254
13.0952
26.183
13.6812
15.2133
15.1387
13.4597
18.6268
26.1656
25.7318
25.9577
12.9571
13.6492
32.5751
12.8062
19.6641
14.8186
37.6945
14.2413
12.7726
14.5466
15.8617
15.6366
13.7543
39.8957
13.9306
26.9917
13.0689
33.9193
16.1364
17.1698
34.518
25.5329
12.963
34.1694
27.9279
20.7809
13.9157
16.4832
17.4711
13.327
14.4909
13.3268
14.0912
12.1584
45.1575
15.4855
27.9486
14.0166
21.5196
34.8509
13.8429
14.1409
23.1279
13.6025
29.0294
14.6676
44.4673
25.6296
28.3383
49.8055
42.9518
29.425
15.4141
31.0659
40.3823
13.219
27.983
14.73
13.9187
13.7409
34.0631
39.5523
13.0038
32.2181
13.5031
22.0294
35.3147
13.1303
13.233
22.0851
37.1498
13.2022
33.6904
38.504
15.1403
14.3229
13.2239
14.0895
42.6393
15.3713
35.5627
27.6582
12.8873
27.8926
37.05
13.7366
22.4439
14.9946
18.2894
39.9248
29.0921
15.1574
15.7828
20.824
19.4623
33.9657
44.3658
54.3585
29.5746
13.9199
35.3081
21.3242
12.2736
40.971
15.2511
36.0366
20.274
34.4718
13.971
24.978
22.1554
20.834
22.2619
26.3203
15.834
14.5744
16.9595
19.1316
35.5148
25.8264
33.4709
28.9817
30.7242
23.3701
14.7038
29.6714
13.7016
27.8451
15.9325
14.7859
16.3113
24.7759
13.5795
12.8811
13.5718
30.9749
21.6039
16.0302
16.5735
39.5063
13.887
27.4744
34.8903
17.0779
12.9421
13.2005
17.8161
29.6131
14.6049
21.9426
24.0776
19.572
32.5793
12.803
37.0269
32.6501
26.3169
13.6285
13.2217
16.2047
28.6102
25.1593
13.8593
13.9225
13.0537
32.3771
45.6919
18.1785
14.4667
13.178
30.3994
16.7109
21.5042
13.188
34.9483
24.7755
14.5532
13.8166
29.8649
14.6252
13.0381
14.867
15.1336
12.6222
36.7024
13.362
13.9298
55.7432
24.3091
28.1854
13.6728
14.6599
45.8849
33.7591
15.8117
29.9092
32.5528
25.0498
15.6287
14.5558
19.4784
24.4188
13.0926
43.0977
25.3614
30.9431
17.1477
30.2836
14.4909
20.1048
27.1216
29.2589
12.7156
15.791
27.548
34.3899
34.9784
23.7141
36.7354
34.8237
39.8641
15.5592
15.4835
29.8429
25.4657
28.3279
13.7192
22.5561
23.1095
24.2126
41.0322
40.65
17.001
28.3053
42.151
32.8254
14.2634
14.5182
25.3485
14.975
13.3236
14.1793
32.6731
36.2847
14.0829
19.8756
14.5178
38.3891
16.6265
16.0765
19.0708
13.4451
14.1976
30.8302
42.2056
15.2257
28.6528
13.6364
14.2309
13.1378
16.2421
34.9652
21.7083
17.5924
16.4522
46.209
23.3285
35.2511
13.7393
35.4226
13.6974
16.3492
15.0785
39.4166
36.5056
14.3602
33.4442
14.4553
13.4889
46.6805
29.6228
44.4127
18.2331
27.9664
26.4045
14.0461
34.0669
38.7019
13.2046
15.0187
15.8105
43.3803
17.111
13.2443
30.1155
35.3535
32.7553
44.7321
32.0694
14.4834
13.7137
13.6078
32.6356
22.6068
13.5727
15.9369
13.0318
13.0577
28.2045
13.1491
13.194
33.9006
14.6085
38.6284
15.812
15.8623
31.3267
13.38
43.1157
36.7771
22.2507
21.3881
35.166
14.5069
21.5484
15.6356
15.7278
13.3678
24.1735
13.465
35.7141
14.6528
14.9285
38.6491
15.3991
21.8713
15.6856
12.319
13.5437
15.2504
42.9065
35.4292
38.5891
13.9833
14.2328
37.824
27.9065
15.3461
15.2734
13.6425
14.6008
33.5439
24.1245
40.713
14.224
27.0031
15.7362
13.4163
13.8012
34.3
32.6335
44.5799
29.4407
31.0444
13.9016
13.1237
14.4093
43.56
15.6311
12.8259
14.3813
28.9896
32.0217
12.9186
21.0309
12.7048
24.2441
14.2226
28.7358
27.0574
20.0494
27.85
13.4089
48.5405
15.4753
16.2589
32.276
15.1196
29.7354
17.3417
13.7418
29.4595
13.8075
26.6161
15.4859
16.0711
20.6081
35.1444
13.7915
22.8551
20.1333
28.4039
19.1552
21.2671
17.2514
15.9196
31.1492
18.6328
14.0542
16.935
13.0816
37.8495
42.0118
15.1145
28.9794
34.2155
12.572
14.0573
12.4895
19.0455
30.2256
28.137
15.8846
14.111
34.1596
34.1088
31.026
15.2044
19.7809
30.4801
31.5507
13.9026
12.7747
45.4658
13.3053
15.3444
24.4279
25.2633
13.933
15.6097
23.1403
36.7233
20.9863
28.9574
14.2157
39.166
14.4435
42.6178
40.2169
22.3977
15.8023
15.0758
12.0415
13.7726
39.0881
36.1016
15.2424
16.7213
36.1341
28.0656
17.6903
47.0466
13.4699
13.2927
13.2316
13.2711
14.9091
31.8194
42.111
50.3763
12.2027
36.8863
14.1157
35.1435
37.4755
41.237
13.8038
26.1445
25.9245
16.3864
29.4725
25.0082
14.5549
18.1734
25.437
25.5993
15.112
14.0139
31.069
13.1452
12.7184
14.627
15.6259
14.8176
41.1546
28.4358
15.0082
36.0722
29.107
14.8767
13.207
14.816
26.1666
18.0249
13.7317
36.9644
12.6822
23.0584
28.6383
16.4522
13.9006
14.7433
12.8356
42.7671
19.7916
28.3538
28.1019
14.2644
46.4101
38.6643
26.9667
39.3757
32.9558
18.9927
24.7353
43.5724
33.0942
22.3199
12.5891
15.6613
18.7248
34.8278
15.2405
44.7113
12.9142
15.8232
12.8046
12.1167
13.3482
36.77
14.1906
12.7639
26.2816
38.4931
32.5329
12.4809
27.3607
13.449
18.8842
20.7333
19.4664
14.5685
33.2683
15.9722
13.0253
26.3152
14.8344
27.2994
29.1943
32.3774
13.8183
41.9875
13.7062
27.1434
19.8219
21.6301
13.3425
13.3775
43.3152
14.4556
19.2212
46.2918
18.4838
51.0753
32.9187
31.125
13.4396
22.6774
30.4063
38.8115
14.163
24.2452
44.7046
33.377
27.1753
23.5068
14.8137
14.5545
13.0906
20.7315
14.1169
29.8731
16.0045
13.2408
13.8154
39.2841
30.963
12.4749
30.8006
13.1873
15.4696
44.0727
32.4955
16.3157
27.398
32.128
15.1039
14.49
41.916
19.8562
25.6258
13.624
15.3118
32.4254
41.5354
14.716
14.2783
31.2013
29.0688
12.7294
29.4617
24.6697
36.7809
23.45
26.8215
31.0201
20.6643
15.7623
40.0986
14.551
12.8162
12.9282
17.106
25.1557
14.2784
14.4491
14.7722
28.3313
12.6062
28.2373
34.3176
19.1375
22.3417
28.1715
27.8847
18.0885
13.0254
13.3064
34.3183
31.9495
14.391
37.1713
13.6508
17.73
35.618
29.1956
38.9724
28.1722
16.4392
38.6353
37.5462
12.6203
26.4749
24.8194
37.256
45.0208
34.1297
30.8796
13.2031
14.5127
19.6222
28.2187
12.5814
20.3014
31.2428
27.9839
12.9626
14.1682
13.5087
13.1614
26.2945
13.3658
39.165
22.5458
14.0759
24.6578
30.8507
14.2028
13.4215
16.77
14.4724
41.7641
13.8517
48.1804
