12.4414
12.6991
11.695
13.1615
12.8964
18.489
38.1803
29.5301
19.4844
16.2699
13.7721
14.1544
12.2014
12.8354
14.6901
11.9038
12.4187
14.7094
13.3369
12.9416
11.1867
12.5449
11.003
16.5944
13.6005
12.1167
13.0366
13.964
24.1197
12.0253
14.7347
12.0276
11.7881
17.9486
12.1652
22.363
14.5077
15.5442
11.8826
13.3432
29.7301
12.2346
12.2508
18.311
14.3226
11.3898
11.7247
24.5453
21.4865
11.9339
26.1825
13.7926
12.169
13.0038
14.561
12.4101
14.2391
14.3078
11.4221
12.0252
19.3857
28.0709
12.3917
16.0186
27.8964
12.3678
21.167
26.6812
34.9189
12.5417
28.7132
12.8885
20.5676
13.7156
22.4058
12.1448
13.8518
12.2867
11.96
13.4229
16.3857
13.8718
12.1226
18.0628
12.0589
18.021
12.5382
15.3596
13.0443
11.8159
12.0018
13.6695
12.5765
12.435
11.7538
14.1905
15.0659
27.3286
12.1376
19.2911
11.8492
12.5356
12.2283
11.9764
13.0945
20.4202
13.8676
15.1115
18.047
27.0639
15.5915
12.0503
15.6151
12.9769
12.647
21.7774
19.4717
12.5951
25.0994
12.3196
18.5186
12.198
18.6333
12.9897
12.2393
19.9458
31.0954
13.6524
12.9221
13.7308
14.3577
11.3038
15.1787
11.9534
12.405
14.5994
23.1042
14.6097
14.1946
13.1566
17.2278
11.4295
12.3104
12.105
17.5167
12.6449
12.7076
13.3337
12.7156
11.9962
13.0653
24.7244
14.3288
17.2009
13.3293
17.8299
24.6454
14.4913
12.8688
12.2945
16.2636
18.1223
12.6729
15.2834
12.0246
11.3876
12.8788
14.0886
27.8472
13.7758
12.9673
14.5094
14.8307
19.1272
24.4239
13.5996
14.1652
13.35
21.4254
22.374
15.2825
12.152
33.8786
12.448
12.3596
15.1388
33.4578
17.0094
26.0009
14.7585
20.9829
21.9976
14.7487
12.9564
13.1686
14.0067
12.4755
13.158
11.7824
14.3957
15.0284
13.8447
13.3259
16.3548
26.7497
13.4466
17.159
12.5651
19.1809
17.6037
14.5478
19.8756
20.2687
14.4533
11.8612
26.5336
22.7611
13.3448
12.6938
15.3738
13.3419
33.849
12.1888
29.0543
12.2332
13.2451
14.4103
28.6525
13.6326
12.8997
18.9192
17.9584
15.35
13.3257
15.772
13.6632
13.0768
13.6835
12.3036
12.3498
14.0653
13.5814
32.0826
19.9601
13.9237
20.6373
16.8384
12.9533
12.3151
12.0642
17.5694
19.2936
17.5389
18.5739
16.9943
11.7498
22.9916
11.4017
20.0995
28.886
12.2912
22.9119
15.3062
16.4503
22.7645
24.6107
15.3801
15.0427
12.4639
16.693
12.2144
13.2545
25.637
22.0855
13.8992
13.2418
13.2521
37.1036
25.9795
11.7873
12.6574
13.1938
12.2217
12.809
22.0008
12.39
13.8263
12.2366
13.5447
13.3191
16.275
27.1046
13.1475
12.8917
30.283
12.0389
12.4892
12.8568
13.3635
24.0978
13.6543
21.7134
34.0502
11.9274
12.0222
25.0478
12.7974
12.9194
12.3882
11.5982
15.061
15.553
13.5377
14.5641
24.384
14.3083
13.5211
10.9051
19.8928
18.3906
13.8377
14.3724
19.2183
12.3777
11.6809
13.7469
23.8128
11.7199
11.5582
10.8394
15.2711
14.6687
11.958
15.1975
37.5822
15.207
12.419
12.4602
10.8673
15.4006
14.4447
27.9014
12.9262
12.5949
12.6838
14.8717
11.6636
37.6911
13.2859
22.1361
32.5081
20.9575
13.3202
38.9134
16.9366
29.8707
21.1737
24.0736
12.7578
26.7764
18.0953
12.5664
22.6227
12.5082
13.5908
24.7965
11.1803
11.8621
43.248
17.4701
14.527
11.7707
11.6911
14.9104
18.1903
27.9991
16.2755
12.4558
13.2269
11.7105
13.0186
26.1027
13.8256
14.2639
12.3632
30.8645
14.9852
13.0559
15.8339
24.326
11.398
23.7763
13.8485
25.4103
12.3804
13.1519
11.6901
11.5956
24.0012
12.5186
13.4885
11.2895
12.3703
17.0967
18.4423
12.1234
16.9831
15.2131
22.6711
13.1228
14.1692
12.6588
12.4403
16.8276
12.7246
12.5073
13.4907
13.7863
11.7391
14.0689
13.1913
12.1769
20.1337
12.3205
14.8787
12.0393
12.1832
11.3169
14.5096
12.3457
12.7155
14.79
12.6077
11.5053
12.9548
12.7391
19.0743
15.1298
12.1798
13.1328
13.2312
11.6034
23.6232
12.3748
11.5352
10.9059
12.8156
11.502
11.756
11.6392
14.1871
24.6052
15.1721
25.1561
19.1905
12.3282
12.2512
12.0532
12.9901
21.1102
24.564
15.9974
11.6373
11.3054
12.3269
12.1627
11.9527
13.3146
36.4666
12.0023
29.9997
15.6966
13.7403
13.2431
11.5473
12.0154
20.0009
17.773
11.8226
16.2616
12.1252
24.8111
14.8115
11.714
13.3586
14.0083
11.4216
13.8989
25.1286
14.0496
15.5946
11.5808
12.8028
11.3645
11.6312
29.6825
12.4405
16.228
27.471
22.4973
41.7496
16.1654
14.7636
19.733
22.0088
15.9332
13.0526
30.8509
26.0577
13.7948
19.2432
20.8712
15.9651
12.5763
20.3337
13.5001
13.2062
15.3868
13.5784
19.2563
20.6864
12.2286
22.1231
12.1727
13.7136
12.4213
14.7138
11.8363
13.5542
13.1614
13.7771
18.4903
13.7831
27.8352
32.1191
12.346
12.2266
22.0062
13.1343
11.8618
26.4535
14.0205
12.8372
12.9795
11.3379
22.4168
13.0332
16.096
11.5641
26.3312
21.5669
15.573
34.4683
13.0888
15.9734
12.3871
17.2411
12.8131
18.4846
12.2847
12.0108
12.1447
24.3424
14.0977
11.8196
12.4513
12.6973
14.4546
12.8125
26.2241
20.4733
13.6898
22.0457
11.8692
17.6737
19.8
18.0369
18.8365
27.9209
11.4127
13.1213
13.2628
12.9666
13.4152
12.8526
13.753
12.1515
12.348
16.0512
14.1418
12.985
12.2718
13.6847
14.4888
12.189
11.3616
12.6003
15.537
12.4885
13.7355
30.8496
11.6392
12.2908
12.7597
14.2322
14.4853
26.6651
12.317
12.23
11.8229
11.3087
12.4806
21.8282
14.5669
16.4144
13.179
12.0273
18.7551
18.429
14.917
20.2156
24.4199
22.2446
13.7377
16.6269
12.9201
12.0659
20.1787
14.4278
20.8333
31.782
11.7084
11.9398
21.0211
13.0181
22.288
12.5111
28.3515
24.6732
17.6133
17.043
11.4663
16.0116
13.8614
22.8695
13.147
16.2932
12.2547
11.7389
11.8974
14.8202
22.3
12.3714
13.373
19.576
13.1743
13.5564
13.409
12.6877
16.0822
11.7873
12.3909
14.299
20.6364
12.0877
12.9751
13.887
13.2661
11.9219
15.0344
12.2538
15.5403
11.7785
29.5139
11.9319
13.1316
11.9067
21.406
20.3765
12.1383
12.8186
13.5077
11.5923
12.0631
12.3138
11.868
13.2086
17.9624
12.4065
39.3129
21.9632
12.4086
13.9616
21.828
16.1522
12.2279
14.4881
12.4385
13.3092
13.5866
12.4872
11.4378
13.1317
14.241
14.504
16.4023
12.1791
28.0412
12.7902
11.8156
12.8106
12.4751
13.4014
13.758
36.3158
17.0686
12.3124
13.0022
12.7923
13.9567
20.7255
14.6869
27.8056
14.2875
12.3044
14.2346
11.5626
24.4816
12.7839
13.8102
13.1137
13.025
16.21
13.3961
12.2044
14.6816
12.7135
29.8005
17.5712
17.571
14.3743
17.6163
13.8893
29.2587
26.0108
25.5642
12.6273
12.38
29.9959
13.6442
22.382
13.7813
17.4287
15.5688
25.4624
14.0475
18.0073
12.3448
13.3212
13.4891
11.1832
19.1219
14.6887
14.2475
13.607
23.5305
31.0421
13.8308
29.4436
19.9783
11.9547
17.0136
11.7323
14.5226
22.663
12.1956
21.6039
11.7877
12.2198
11.7997
12.022
20.8667
43.9461
14.2143
29.1917
15.1168
12.6306
13.897
15.2037
12.4098
26.3613
11.8185
18.4173
10.9024
16.7823
11.7718
20.2074
19.794
13.8457
15.3922
25.1544
11.2093
12.2522
12.6926
11.3135
13.7947
22.8311
29.2354
20.0119
13.0936
20.8973
13.7635
11.4806
11.544
27.8821
12.3799
28.8511
18.3856
24.1557
18.3597
14.2187
33.8103
15.729
14.1155
12.3681
11.5718
13.4693
11.4823
21.1228
36.1645
13.451
38.2193
29.0077
14.5839
14.095
13.9448
27.6496
11.257
13.8621
11.6562
15.1863
11.39
18.8659
14.2434
13.9297
24.5849
24.3174
13.6335
11.9811
11.6868
12.8324
22.2946
11.4688
12.1585
13.0182
15.8059
13.0583
12.6636
12.9168
13.778
13.3496
11.2427
20.6925
12.3173
25.9861
12.726
13.6881
12.2405
19.3324
43.7373
27.2059
23.4518
21.7173
14.5331
24.5769
13.9367
38.0641
12.6263
14.4418
12.992
11.9371
14.9373
15.1656
12.3874
12.9413
11.4108
11.2282
14.19
14.5789
14.6066
15.6506
12.049
32.7276
13.149
22.8856
25.9476
11.9236
22.4018
26.2163
14.2006
14.6542
29.146
12.238
12.6619
21.7159
12.0559
11.6595
13.1625
16.0439
12.0555
12.1237
11.7659
19.9169
17.6869
11.5377
16.7569
23.4176
13.5704
14.6575
14.224
13.0281
17.3827
14.471
20.4659
25.2392
15.495
23.5725
20.1156
14.8988
12.8705
45.6779
13.2853
20.377
11.6338
13.8314
17.5323
12.9073
14.9858
14.4203
23.1473
13.1644
11.3881
14.0741
16.0557
12.271
13.4791
23.4197
12.0888
18.0088
13.2994
17.421
21.0081
32.5311
15.6219
22.2014
15.2112
13.9265
14.0841
24.5805
12.9575
11.9508
20.4334
17.344
12.1724
12.1367
12.5385
11.6136
20.1699
18.3917
13.289
28.0144
19.7776
15.1149
17.2774
13.8391
12.2976
11.492
18.593
11.4976
12.4555
16.161
13.1662
13.5566
14.2207
13.6288
11.6683
12.9192
19.7062
18.2956
28.3836
24.3007
12.7762
13.6437
12.1057
11.3533
15.3052
12.7988
35.613
30.4295
44.0144
