13.1729
11.3246
12.0926
32.4186
11.2268
33.9359
12.2225
47.3894
24.6977
16.6473
13.4358
12.6175
12.2734
11.4688
12.0331
12.4327
12.5974
10.7615
13.5249
10.8262
12.6856
11.4844
12.1963
11.8147
10.6875
13.9048
11.571
12.557
10.7048
12.629
11.8287
13.0365
16.5254
11.6728
11.8907
13.5081
12.961
11.5826
11.9573
14.2907
15.6565
12.1305
12.6472
25.5813
11.8207
14.5048
13.2622
11.0444
13.8856
11.925
11.5957
12.6174
16.1116
11.8098
12.2864
14.209
11.4457
13.8219
11.7068
16.0823
13.2349
14.7251
11.1026
12.0727
15.1503
15.9152
12.9151
11.8893
12.1907
19.1419
13.2896
12.2381
11.4324
11.5124
13.3558
11.6279
12.7934
15.1017
11.7542
12.5409
14.7955
15.273
13.3366
13.3526
16.962
12.5433
13.0664
13.3521
13.2422
11.9886
12.1502
12.324
11.4871
11.5348
14.7821
11.7586
12.2057
11.5064
12.1918
11.4125
12.9825
14.937
11.2646
12.2237
11.7338
12.6683
12.5303
12.5841
11.7518
31.5517
14.6755
18.39
16.2546
13.5277
12.1634
11.7128
12.8627
14.168
13.3543
11.1617
12.3236
12.3607
11.7734
12.5039
15.3052
13.9643
11.4417
11.0971
12.0521
12.4964
11.8284
10.9517
12.3735
11.174
13.576
14.2941
13.5481
14.1438
10.9863
13.8629
12.8807
11.9676
21.4401
12.2159
12.6571
12.4392
11.4959
12.6807
11.5482
14.0177
11.7736
11.6511
15.6999
11.6156
12.8928
14.119
11.132
13.1408
11.8983
12.2446
12.3477
12.2624
16.9458
23.5925
12.7536
10.6691
11.6505
16.0651
11.8822
11.174
13.0212
13.3709
20.4041
16.6165
17.9337
13.8978
12.0141
11.3147
17.6912
18.2197
11.9133
28.2908
12.4034
11.7409
14.3279
12.0215
12.6684
11.35
11.1449
12.1357
12.7451
11.2089
14.5749
12.8367
11.773
12.0387
13.1079
12.8093
12.6363
14.0981
13.5666
12.1929
14.272
12.9579
12.9476
18.8629
12.2748
11.0436
10.9428
16.5816
12.7123
13.4503
11.083
16.7538
18.4945
11.5413
13.2632
13.0894
12.3275
12.4032
33.6179
12.3356
12.4612
17.6277
11.9347
20.2091
12.8498
15.7557
13.2636
12.3898
11.8442
13.2174
11.3574
12.9973
15.2762
11.6139
12.7399
12.8387
12.1124
13.7391
12.9694
26.669
15.3165
21.577
12.2644
12.5177
13.4312
12.7422
13.5528
11.1134
11.9716
11.0993
11.2907
11.3998
13.7468
26.1654
18.1456
13.4639
15.6673
11.4655
15.4998
10.9831
12.6625
11.9792
12.1322
11.394
12.4622
15.8919
16.721
15.2987
11.8471
11.4537
15.3102
12.8309
12.9694
12.9914
11.7513
11.4908
12.9913
12.0827
15.8037
12.0494
11.7989
15.1668
10.9883
11.9843
11.0244
13.4717
14.3581
14.46
15.0516
12.652
12.5933
14.4896
11.6483
26.8585
12.6976
12.1561
12.1644
12.5574
15.6493
39.0745
11.5654
29.0267
12.4992
11.654
12.4325
16.9839
14.5712
12.9064
12.6191
13.8802
11.2452
10.4818
15.537
14.323
14.6342
14.089
12.0116
23.2642
11.333
11.6398
11.8307
11.3237
11.5863
11.1552
10.3574
13.7557
15.1904
11.5917
12.1258
13.5082
12.0605
11.497
11.8397
11.2541
12.1876
10.5957
12.1085
32.1997
14.8498
13.7233
16.8445
17.4352
15.4283
10.5797
12.946
13.4121
13.1688
14.4896
12.185
12.6105
11.1288
13.3969
11.3382
12.8293
12.4302
12.5395
11.2072
10.7703
37.5203
26.1225
40.2729
19.2613
16.8689
12.17
12.3256
13.4793
12.1723
22.9989
12.0254
12.7107
10.7321
11.5704
21.3479
13.134
24.2885
11.4823
11.1136
14.9775
22.8936
12.1883
11.7287
10.9345
16.1966
15.3617
13.3679
22.498
11.8597
13.9008
11.2954
14.7691
14.8407
12.0952
12.8815
13.3071
10.9557
11.849
15.5018
15.6304
12.595
14.1257
15.1518
12.7758
12.0553
11.0969
11.4656
11.9422
15.5347
12.1074
12.4408
16.7261
11.5173
11.8328
12.0044
12.319
11.6535
12.1165
11.96
11.8681
11.6337
12.9856
10.9016
11.4671
12.0739
12.4118
11.7833
12.1913
13.5743
12.6271
12.3623
14.6492
12.777
11.8057
11.9079
11.2637
16.7956
11.9821
11.1787
12.4814
12.4897
12.4523
10.7178
13.3496
13.7994
12.819
12.1451
12.6135
12.9556
11.1118
12.9541
10.6011
11.7582
21.6164
18.0006
19.7816
39.5087
11.3188
15.3147
14.027
13.0219
11.4848
12.512
12.7948
11.435
11.8633
11.4135
17.022
11.4879
13.6314
12.4708
10.9199
12.1859
11.7731
12.9194
11.6476
11.2494
25.2908
29.6397
26.2693
13.6031
16.7111
16.4718
12.8912
12.4615
11.1236
11.6378
12.4138
15.0293
11.0927
16.5219
11.7287
11.6673
10.8764
11.475
11.2842
15.7462
10.8737
20.1832
24.5755
12.9273
24.3837
16.6629
39.029
14.3916
22.998
12.9674
22.8775
12.4691
14.1161
12.3428
15.7294
11.3571
12.2402
13.1008
12.4903
12.8339
15.2404
13.2669
13.7017
12.0245
14.4995
11.918
12.0441
12.4448
14.2685
12.0688
11.3305
25.1983
13.444
12.7363
13.5182
12.9954
27.1795
11.472
17.3505
12.3186
13.0092
13.4045
21.7315
11.4371
13.6602
12.5528
10.8518
12.6728
12.3958
13.1562
11.7181
11.1782
11.4636
15.6021
14.747
12.2721
33.6824
12.2308
12.4723
13.0836
12.0558
15.4251
11.9119
11.8053
11.4611
11.2185
13.8527
11.029
12.3173
12.4122
14.6815
12.3701
12.0751
14.9883
13.7694
17.6944
11.3776
13.3506
13.401
11.5384
13.3049
12.2196
23.4675
11.6174
12.2439
16.6451
12.5292
13.0583
11.9192
16.531
14.5043
12.6122
28.115
13.3095
13.8628
11.0083
11.7934
12.1456
23.6853
12.3748
12.2079
26.5714
10.903
15.3527
15.1917
12.4803
13.5501
12.2639
11.8288
14.0326
21.5177
10.9794
11.6971
11.8015
11.7378
11.4147
12.7878
16.587
10.8392
12.3954
14.64
11.6746
12.6261
15.6615
13.3565
12.2456
11.6381
11.2549
14.1654
14.2659
14.3932
15.6525
11.4768
11.5979
12.2696
12.6302
11.3066
24.3626
15.4726
11.8895
14.6536
11.1648
12.0997
10.8314
17.5374
12.8314
16.5907
13.1708
12.8483
11.5221
12.0295
17.0251
16.1186
11.4327
15.7968
11.1409
14.7013
12.052
14.3365
12.5094
11.284
13.4395
14.3369
11.6198
12.6734
11.8719
29.9898
13.0865
12.7456
12.4058
14.9839
12.6437
12.5828
14.0058
12.5381
11.4486
11.9108
12.624
12.8799
10.8365
34.8046
16.9568
13.2817
16.6397
15.1263
14.157
12.8563
13.3739
11.5836
21.6163
11.6037
13.8486
11.9486
16.3589
11.799
12.8047
14.7844
13.1604
11.2374
11.765
12.4591
11.535
12.2119
11.0585
13.0054
12.1426
13.6271
32.4397
12.0509
14.4521
14.6824
20.5582
11.7574
11.8173
11.763
14.4483
13.0498
11.809
13.6203
20.711
13.79
11.8522
15.5049
12.0788
12.4365
21.4471
23.3638
11.9684
12.9917
20.4454
11.1713
14.7325
13.4478
10.8389
15.4503
17.5106
12.0291
11.1956
16.36
14.2849
12.1301
12.5817
11.815
17.343
11.6888
15.098
12.0787
13.4888
13.3329
10.8539
12.5393
21.5895
14.7686
12.3919
22.8936
14.507
13.9589
13.9166
11.9977
14.2012
11.7082
17.9107
13.4671
13.0997
25.7273
10.8763
13.3849
14.0459
19.4299
11.9664
11.8994
14.1706
11.8404
18.5839
11.5347
13.2081
13.5781
11.6401
46.2819
12.4712
24.7941
11.5578
12.2597
11.1586
13.9466
14.0262
14.7462
12.063
11.2239
12.127
11.576
13.8375
10.5801
14.6671
11.142
12.9037
12.4734
11.9752
30.339
11.6072
15.3395
11.6432
16.7664
11.9415
12.3031
10.9697
10.81
18.2873
11.8881
11.7197
12.7683
24.4613
11.5887
16.9212
12.7038
13.4525
22.9465
24.603
11.6263
12.079
13.2982
11.9371
13.6925
11.9435
12.9912
11.1896
11.8344
12.8284
12.0637
15.4083
14.138
14.2412
16.5201
12.8392
11.9443
13.0006
11.3135
13.0831
13.0385
15.022
22.5084
20.3856
13.6056
14.5949
12.0087
11.6391
11.7495
11.9432
17.4108
11.385
14.4505
11.9778
13.833
12.3237
12.6098
11.9683
11.3824
12.0055
17.8588
16.2915
13.6311
12.6877
11.8772
14.5312
36.3621
12.6996
16.9499
11.9324
14.4951
10.9586
32.7825
12.3
12.3267
12.3475
13.6807
32.6042
11.9905
10.9047
11.3525
13.8382
12.7893
12.3647
13.1193
12.6662
17.6025
12.5994
13.8204
11.7919
12.9842
12.2268
13.6334
33.5551
14.0985
20.1021
11.768
11.8297
12.6155
19.398
11.5517
11.9082
12.6378
11.8668
10.8935
14.8214
12.0036
13.9713
12.8617
13.8671
25.9302
11.9177
12.6633
13.6795
11.3417
13.8299
21.4669
16.0381
11.6706
14.3505
27.2085
17.6879
12.2701
13.3478
12.1035
11.5734
12.4819
16.2338
21.7573
10.9132
11.7758
13.0937
11.5024
11.1276
13.3885
18.6419
16.5203
12.3153
11.6941
12.021
12.3578
14.0691
12.5942
11.2088
15.7398
12.703
16.9719
12.2188
12.1069
16.292
13.7789
11.2546
14.3388
16.1986
11.1225
14.6618
17.3997
15.1009
14.2083
11.0038
11.2927
11.553
13.7243
24.202
12.8365
15.4382
12.3798
10.5153
14.7305
11.8812
11.9974
11.775
15.5609
10.9591
12.488
12.0732
11.0744
12.7118
15.3032
12.5747
11.7153
18.8624
11.303
12.1888
12.3864
12.7855
16.7733
11.7064
11.8244
11.7762
11.2739
12.3469
11.0259
14.9312
11.1897
11.7978
10.9745
16.1499
13.2462
22.7021
12.4334
36.0396
11.1523
16.7499
12.6348
