24.2465
26.9675
24.989
28.0748
27.8794
25.918
25.5284
26.5352
26.4794
26.695
26.228
27.2579
27.5728
28.5765
24.1982
28.5654
26.1261
26.2707
26.5112
24.0609
24.1624
26.0846
30.0416
24.6454
25.8909
23.513
24.343
24.6854
27.0972
30.0397
24.4269
26.7241
24.2017
25.5619
26.2508
27.4906
25.0689
25.3109
26.341
23.85
26.0771
25.3633
25.6766
26.673
24.97
23.3497
25.3596
27.0672
24.9388
24.2615
27.7375
25.7974
23.5777
25.7515
25.656
25.1024
25.8824
26.9081
25.5856
28.2832
25.6333
26.2245
23.9968
24.0699
25.5297
26.2321
24.0428
24.4434
26.647
26.144
27.9104
26.5652
27.4271
28.3549
25.0033
24.6875
27.5733
23.6233
27.0327
25.4262
25.2139
27.6961
29.5358
26.2954
27.5051
24.6166
24.0774
26.8776
24.8297
25.9618
25.2162
26.9324
26.0096
28.7741
27.387
27.3781
26.4213
25.8956
27.2989
25.4307
26.0043
24.5758
27.86
25.6354
27.7604
27.7123
25.6959
25.4844
25.153
24.1137
25.322
25.6183
25.9529
23.9682
24.6166
25.7397
27.5659
28.1247
24.5108
27.755
24.7784
24.569
23.6145
26.0637
25.1777
23.8473
24.063
25.0162
24.5136
28.4912
28.5764
28.2583
27.8153
25.4913
24.3386
25.8016
26.4741
23.5446
27.0534
26.0088
25.6628
23.4147
27.0905
24.6917
26.4456
24.6533
26.8344
26.792
25.5249
25.4002
29.902
26.6028
24.7507
23.9309
26.3688
24.7236
25.6798
25.5146
23.3796
25.332
28.4188
26.3535
25.1917
25.2165
28.1005
27.225
25.9663
28.0846
26.5516
25.1742
24.0827
26.7115
25.1182
24.3093
24.3622
25.2881
25.6581
24.8073
25.3158
26.8693
25.2539
25.9493
25.695
27.0379
26.6599
23.9281
27.1962
25.2604
26.8309
26.7052
25.0259
24.6338
25.2357
25.2635
26.0756
26.2355
27.2613
26.4382
28.7434
28.5123
26.4458
26.6186
25.9797
24.2453
25.299
26.6069
25.2203
28.5676
26.0173
25.4368
27.0661
30.3629
24.3762
27.3677
26.7109
26.3704
24.8467
29.3034
25.9667
26.1696
26.7321
25.7771
28.0625
24.3191
26.3637
24.6989
28.637
26.2156
25.0534
23.3224
27.1274
25.3945
26.5287
24.2314
26.1379
26.1102
24.7071
24.9418
26.9724
26.0534
26.4665
27.336
26.2065
24.0347
26.2135
24.4144
25.4873
25.2986
25.2639
30.0661
24.1154
25.6321
26.0052
26.7177
23.4727
26.8332
26.375
26.3029
24.9231
24.4426
27.9687
28.2866
25.8444
25.7655
25.7428
29.319
24.6662
26.4071
25.3893
23.354
26.0763
24.0603
24.1438
27.1141
26.1064
27.4527
27.0864
25.4825
23.6196
24.7513
27.8242
24.1667
27.5111
28.3129
26.9467
25.2066
25.4702
27.4093
26.0286
25.1759
25.2833
23.6123
25.1891
27.0355
26.2433
27.196
25.3108
26.0014
25.8825
27.1165
25.8921
24.2588
24.9156
26.8904
25.4176
25.4728
28.0656
23.2437
25.8053
26.8434
25.6058
26.1516
24.4623
26.8259
25.8299
24.5157
26.0868
24.7132
26.8205
26.9004
26.2387
31.057
25.9207
24.2961
25.5337
26.4499
25.2702
26.107
24.9757
24.008
25.3795
24.5452
24.1737
26.7805
26.3612
24.2731
25.9506
24.5607
27.1075
24.498
24.5934
25.8252
26.9342
25.3365
26.0762
25.7191
26.3833
25.7854
26.2865
24.0019
24.6176
24.3009
25.5485
22.3734
25.2315
26.2414
25.1387
24.9391
26.9586
23.0972
24.9987
26.8949
25.597
13.778
27.4915
30.2722
25.937
27.2725
25.3442
27.0424
25.427
20.8615
24.543
24.9655
25.5401
28.4817
23.3438
25.6822
25.9953
26.9917
24.5593
24.6966
25.2362
24.1903
23.9475
24.3239
26.5533
24.6141
27.3103
24.5352
27.0419
25.7648
25.1396
26.4753
27.7465
25.1216
24.4915
29.0788
25.2789
27.3123
26.1243
25.8169
24.0344
26.939
29.0476
27.7921
26.0319
30.3071
23.604
25.4877
26.175
25.5448
24.3723
26.4976
25.9547
25.2018
28.3956
24.9661
23.9391
24.6989
24.1798
26.0251
28.3988
26.6948
25.5028
29.1734
23.7686
27.1117
25.6019
25.2177
25.3535
26.2343
24.7295
26.3108
27.5845
26.1275
26.5879
28.3351
24.5952
24.7497
26.0123
24.5205
25.9743
24.1313
25.462
24.495
26.1275
27.0381
23.7133
24.9272
24.7304
27.6454
25.7166
26.5223
24.023
26.3258
25.9117
25.1306
25.336
25.7413
24.1636
25.7997
23.9385
24.8612
28.2884
24.7171
24.083
24.6336
26.1842
23.8549
25.8556
28.0743
26.6025
27.7897
26.1346
24.0131
23.8748
25.0754
25.5626
26.8617
26.1918
26.2757
26.4513
22.9863
24.962
23.8415
26.8331
27.4471
26.0732
25.1082
23.8217
23.9932
25.1878
26.3906
30.3045
26.7171
24.1623
25.6417
27.1309
27.5403
28.0487
26.4994
27.4811
26.6669
25.247
25.2712
23.0868
24.4275
24.7928
25.221
23.4276
25.791
25.8407
26.7896
25.2259
26.8845
25.9416
23.5814
26.8128
27.5189
26.0456
24.4566
23.8392
26.2921
27.7201
26.9611
26.2679
23.4281
25.072
24.4128
24.4216
24.7903
25.0627
24.7215
24.4232
26.646
24.5989
27.8752
28.9105
24.9924
26.4803
26.947
23.6902
24.2171
24.4092
26.3967
26.0998
25.4394
25.2471
26.4482
26.1111
29.3629
26.392
26.2692
24.0029
26.7793
23.9735
25.6157
27.6102
24.6963
23.8415
26.1127
26.1587
25.5238
26.6067
27.2084
24.4168
26.618
26.8806
27.9679
25.4312
25.4674
28.4299
25.5624
28.4415
23.3165
25.774
25.2371
26.9582
26.3759
27.8813
25.6032
25.2225
25.3153
27.1385
24.721
25.3556
25.4337
25.1894
25.7762
26.1308
24.8492
26.6121
27.2054
24.9159
25.2
27.4426
26.878
27.6528
27.6731
27.2654
25.8105
27.6264
24.3145
24.7373
27.2424
25.9444
26.9016
24.5508
25.7047
24.6809
26.4275
25.0646
26.4281
25.7853
25.5014
27.9534
23.8674
24.4956
25.0107
25.5833
25.3332
26.9494
25.8942
25.2482
26.5201
24.6966
23.7409
26.5325
26.5797
26.4953
25.3213
28.2374
25.3317
26.4488
27.4658
26.9769
28.1424
26.6136
27.717
28.8822
26.8684
25.6273
24.4172
25.4353
26.1223
26.8528
25.0619
27.9812
24.4413
26.3789
28.8216
25.5083
24.1231
24.9027
26.6924
25.3271
26.6503
26.682
24.4055
25.7903
24.5984
26.5064
26.9801
25.7396
24.2778
25.3898
25.716
26.328
27.3884
25.0022
26.346
30.7837
23.8809
25.919
26.4032
24.3011
24.0784
27.4682
28.4808
24.0903
25.9116
28.189
27.0612
24.6208
27.1301
30.2108
24.9782
24.0744
23.8728
25.8155
24.4375
24.9674
25.0399
26.4399
25.9732
25.6531
27.0424
27.6031
24.6617
27.3728
23.8342
23.9012
29.5995
27.3385
26.8843
24.1749
25.1803
26.4518
27.6395
28.0162
24.6674
23.8545
26.5526
26.4304
28.5013
27.6458
27.6355
25.9529
25.7171
24.0412
24.2913
29.2545
25.1302
24.8038
23.6706
23.0092
26.1607
27.1585
25.3565
26.008
24.3463
26.676
24.527
28.2005
29.1762
25.8565
23.27
27.6644
25.3849
31.1762
25.004
25.2012
27.4876
23.5899
27.6865
26.8973
25.1828
26.498
26.2971
27.6267
24.6773
25.1846
25.4905
25.929
25.4352
24.0109
27.6441
28.4267
24.5565
26.2928
25.4955
25.8495
28.6915
29.778
30.3118
27.8001
24.8798
29.0778
22.9316
27.2019
27.7079
26.8059
26.3622
27.3026
25.4396
26.6854
27.4915
25.006
23.7247
25.4908
25.0215
25.8694
24.3843
24.6301
26.0317
24.8859
27.7267
25.996
23.4507
26.1142
25.4694
23.8426
24.7767
24.7254
23.5362
25.4371
25.4858
26.1667
24.9703
24.1295
25.6886
26.1995
26.298
24.3912
24.9653
25.6272
28.1356
24.5965
28.1832
27.8069
28.2649
24.3883
25.7602
25.6725
26.3287
27.3139
25.1213
24.3011
24.5618
26.1842
30.8612
26.4173
25.4027
27.2987
27.5129
26.8862
28.5351
26.3006
28.7332
25.8202
26.4141
23.8018
24.7962
26.5546
33.6107
27.0541
26.0463
25.3941
24.8205
24.5746
26.7868
25.4352
26.4028
26.8926
25.6629
26.5954
26.5364
25.1433
28.4925
24.1619
26.2947
26.1773
26.0547
28.7273
26.8198
25.4131
27.5077
25.5109
28.81
24.1132
24.8231
24.0215
27.1603
26.8775
25.7826
26.6624
26.4947
28.6789
27.5538
24.836
26.2369
24.3993
24.0701
24.9253
26.1485
26.418
27.0029
26.2161
25.3633
26.1097
25.9175
24.4447
27.1616
26.7168
24.1388
24.2614
27.0951
25.5448
24.4698
25.0093
25.4007
26.8718
24.2833
24.3634
23.4844
24.1311
24.5318
26.7772
28.6145
28.2641
25.7345
23.6426
27.8851
25.7328
24.9088
27.5048
26.0327
24.3237
24.6912
24.8554
25.7069
24.6262
25.5177
25.5694
25.3742
22.9567
25.4894
25.9863
25.9428
26.6399
25.8645
24.5573
25.4283
25.3875
25.7254
23.9769
23.9675
27.2513
24.0422
29.3547
26.6799
24.3162
23.6735
28.6588
25.7912
28.0887
24.5551
25.5938
24.4027
24.7804
24.9355
25.7789
25.0301
26.0388
27.7679
25.8128
26.2771
27.9311
27.5295
23.4507
24.4045
27.9418
25.1202
25.4293
25.8478
26.0335
24.8691
25.225
28.8092
25.7092
27.1408
24.8543
27.3792
24.3539
24.0376
24.2295
26.1446
26.4924
26.1124
24.7646
24.6051
24.2901
26.5471
26.4692
25.3971
25.8908
24.5104
24.6763
27.1221
24.222
27.2429
24.6004
27.2763
23.8576
24.0286
25.2118
24.1081
28.0932
25.4399
23.9932
24.3027
27.6658
24.6144
27.2123
25.0414
25.3113
25.8119
26.3139
30.0715
