20.22
22.621
21.2231
21.7708
21.9074
20.0162
20.8932
19.981
17.807
20.34
21.5497
21.2604
22.6866
24.2991
23.7971
19.7403
21.7491
20.638
22.194
22.276
20.3679
21.5957
19.9819
20.1569
21.0645
23.4742
22.5996
22.3652
23.8323
20.9692
22.0477
20.9512
20.963
23.3135
20.8571
19.4376
22.675
22.8699
20.7389
20.1867
21.3544
21.0758
25.7608
22.3519
19.5686
20.4521
22.5731
21.4172
22.8023
21.2107
23.2171
20.2228
20.379
20.4543
23.5866
22.6973
22.0955
21.2059
22.8161
18.8078
21.7974
23.0451
20.2977
24.0354
21.1
23.9623
22.1818
21.342
22.436
20.5625
22.3827
22.7516
22.3444
22.119
20.1736
24.0785
22.6495
22.8735
25.0918
19.5056
22.5663
23.6338
24.2681
24.6637
19.0767
21.8778
22.1477
20.4457
21.9204
20.4736
22.0617
21.5216
21.0117
21.7165
20.0768
21.0955
20.7086
19.4712
21.1053
22.7321
21.7732
21.4184
22.9901
19.9282
19.8441
23.8254
23.2143
19.995
20.5321
20.8344
19.3193
23.1103
20.9499
19.66
19.99
21.4389
21.5584
18.9418
22.2982
23.3979
22.166
19.8963
24.9442
19.8611
20.3932
20.4448
21.5686
21.8255
20.2244
21.4696
20.7694
21.2739
21.9105
22.3723
23.0964
21.193
19.9535
22.9868
22.5527
22.0604
22.022
21.1429
20.7288
23.8076
23.4317
20.7289
22.1439
21.8583
22.7814
23.0051
21.5523
22.2541
22.8342
20.3962
21.5518
21.608
21.6582
20.8662
21.9955
21.7301
22.1751
23.4051
21.5321
22.8111
22.4662
24.3151
23.622
26.5526
22.8769
19.3405
20.6687
22.2884
20.3497
25.7384
22.094
21.1528
21.0198
25.8211
20.9046
22.4577
20.0536
22.7247
24.41
19.0849
23.9061
21.1203
21.4991
21.646
20.1791
20.7471
20.9975
19.831
22.9849
21.3694
19.9482
22.6423
21.0315
22.5155
19.1885
20.2758
21.1843
21.8689
19.8111
20.4927
27.3661
21.5665
21.505
21.7957
22.0424
21.1988
20.6296
21.244
22.1925
21.4084
23.7311
22.2505
23.8775
22.869
21.3397
21.6335
23.3822
20.2993
22.812
19.8948
23.3602
20.8923
22.6047
24.4558
20.0871
20.0242
20.7097
21.2387
21.6894
20.3617
22.2212
20.211
20.6484
22.985
21.5143
21.7078
21.0235
20.0207
19.5819
22.1551
21.3469
19.4547
22.0707
20.5459
23.995
24.0466
25.4564
22.8082
20.9839
23.2598
25.6179
21.9611
21.6787
20.0428
20.5135
21.257
21.0997
24.5702
20.7129
21.8465
23.8435
19.8329
20.3165
21.0725
23.0257
21.1905
20.7462
20.7244
21.6336
23.9551
19.3896
20.9491
20.6951
19.6034
23.8277
21.8185
21.2915
20.2637
22.5399
20.4484
21.171
20.4438
21.514
19.9128
21.5691
21.279
21.1623
22.1261
22.643
21.1014
21.4082
19.4418
20.718
20.9984
22.9434
20.0115
22.7613
22.8528
24.1276
20.3347
21.5584
21.4504
19.3458
20.9414
21.5364
20.4676
21.5339
22.696
21.042
21.7372
19.3397
19.7624
23.1306
19.3929
19.4932
21.0812
19.552
21.487
20.0565
21.6642
20.4059
23.6032
23.0317
23.4448
22.7359
21.7571
22.0761
20.592
23.8171
20.6841
23.3764
22.3999
21.2788
19.5459
21.229
23.0648
22.2533
20.895
22.1666
23.2197
20.4029
20.5817
20.2828
20.9824
21.5353
20.6378
20.4858
21.381
16.7325
20.5348
19.1482
21.3243
22.2091
20.9796
21.4357
23.2728
20.3506
20.2621
21.2595
19.6416
20.463
21.6865
21.2457
20.6163
18.9399
25.5536
22.1664
23.614
22.038
21.8883
21.1417
20.6701
21.8793
20.9046
21.4899
21.2304
20.3044
23.189
22.5054
21.5418
22.1257
20.5006
19.0306
20.1489
21.1327
21.3341
25.8259
21.5334
22.4267
22.2785
21.2751
22.01
19.8357
22.0878
22.1338
25.0184
20.4077
20.899
20.728
21.7316
22.9779
21.0227
20.8666
20.3689
21.4828
25.4488
19.4066
19.7626
20.8963
22.7235
19.4921
22.6294
23.588
20.9949
20.3315
20.8939
23.5233
20.2888
19.4509
24.3014
21.5177
20.6699
20.169
21.1135
20.4635
22.068
20.0558
19.5277
20.69
22.8495
22.4155
21.2597
19.9658
20.9109
21.5515
23.2991
22.1271
20.6916
20.2054
21.0024
21.9707
19.6359
21.5064
22.3027
20.739
21.1685
20.9893
21.5875
21.4274
19.4027
21.0278
21.5326
20.5908
20.2052
21.4848
24.4457
20.1494
20.3514
23.0382
21.6373
19.7447
21.3114
21.1078
22.3771
22.6075
21.5689
19.8886
21.5255
22.4852
20.5549
22.7145
21.2991
19.9763
21.3941
22.0532
20.4551
19.7508
25.9731
21.5879
21.0524
24.0048
22.0185
21.274
20.1021
21.2537
22.1464
22.2726
23.6578
23.8434
21.5161
21.221
23.9469
20.91
20.7059
19.282
23.2208
24.9657
22.0164
23.7106
23.6774
21.6826
19.5133
22.0658
21.576
22.228
20.4371
20.7397
22.5708
21.0593
22.4142
24.5332
27.0013
20.5306
24.9205
20.0118
26.6751
22.8741
22.227
21.0429
22.1158
21.2419
20.6747
22.2283
23.0948
23.5443
19.7598
21.2029
19.9687
22.2528
21.3284
22.103
23.7126
20.1812
20.4483
19.0116
19.9373
20.9819
21.5175
22.8323
20.2006
21.9693
21.4268
24.1816
23.5818
20.608
21.7184
23.5561
26.4092
21.3025
21.9153
26.9865
21.4353
21.2124
22.5636
20.0676
25.7569
26.0847
20.6574
23.1489
21.7134
19.1945
21.0769
21.7552
21.3315
19.2254
20.6403
21.1171
21.0201
21.2411
21.3278
24.6344
23.3018
21.2362
22.7175
20.9534
22.6361
23.2604
21.3647
20.2363
21.5493
20.3604
22.1453
21.8662
23.1794
21.1949
21.5711
22.3123
23.6082
23.6116
20.1473
19.9052
19.7184
23.9781
20.6354
21.3817
22.2245
21.3198
21.1345
19.7528
22.9276
21.1324
20.6793
23.7267
23.1261
24.349
20.8987
21.7782
19.6638
22.4181
19.8819
23.2576
23.0558
20.2437
20.3983
24.7775
22.4207
23.6271
23.1815
21.9967
22.1121
20.592
20.0508
23.395
24.4118
20.1466
20.9212
25.0907
19.3487
21.8234
21.75
21.5892
20.9703
22.6768
20.1241
20.8898
22.1766
21.3173
19.2405
19.8624
21.1206
21.7513
23.6417
22.6883
21.3259
23.05
23.1524
21.3462
22.3124
24.8839
25.2784
20.4181
20.4169
21.4009
22.4748
20.6664
20.5241
22.1191
23.095
21.5666
24.6515
21.2175
19.1574
20.9332
21.5969
23.0437
22.843
22.7593
22.6707
22.3865
22.381
19.8698
21.9259
21.5985
25.8506
20.4862
23.9081
20.1499
21.5707
21.5945
25.5
22.8261
24.3447
22.6995
20.1519
19.4821
23.909
21.5532
19.1035
20.5682
19.4128
22.265
21.9461
20.4258
21.1843
21.4763
20.5082
21.579
23.4937
21.5846
19.3739
20.4431
20.5214
21.1244
23.4204
20.8656
23.3262
22.2735
22.6478
22.6219
21.5715
21.857
20.2326
21.6111
20.6427
22.4923
23.6843
20.9407
21.6227
21.1455
20.9969
20.5638
22.3621
34.9553
22.3409
27.4049
26.8808
23.826
23.7799
20.2962
21.4799
20.4919
20.8647
20.4959
21.7145
21.7128
20.3481
24.1619
21.4228
19.0669
22.9339
23.1773
21.0853
20.6272
20.2443
22.2653
21.183
21.5736
22.5175
21.171
22.191
21.571
21.9244
20.1067
21.6673
19.1709
20.3074
23.8935
21.8346
18.7029
23.5386
21.3284
21.9185
22.5923
21.5328
21.9303
22.036
21.1106
22.2247
19.3203
21.9508
23.1929
23.6166
26.7909
20.6684
21.5376
19.4884
20.5653
22.6563
21.2052
22.9738
21.2266
21.6747
20.8233
24.9268
23.5324
23.1417
21.777
21.2418
20.6851
20.2181
20.7294
20.5166
21.6502
21.3912
20.691
21.3521
20.0874
20.0508
20.8786
22.5471
20.706
20.3442
22.8842
22.601
22.6989
24.0526
23.5152
23.2689
21.0557
22.2415
22.8963
21.0503
23.0743
22.3443
22.1007
21.7821
21.6594
20.0858
19.4981
20.219
21.768
24.8024
21.212
19.9216
20.9427
20.4043
21.5277
22.7477
20.4451
22.9741
23.0075
24.5491
21.9912
20.0327
22.4645
23.0183
22.9945
21.6398
22.3023
19.7545
21.8895
20.0627
23.5709
19.9533
20.3579
23.4712
22.5718
20.6424
21.9369
22.8094
21.6145
21.6385
19.7181
20.5759
22.9583
21.1588
20.347
23.4404
22.3038
22.0722
20.7713
21.8973
21.2115
21.1516
20.4746
21.474
20.7932
23.403
21.3718
21.8957
20.4194
23.8277
21.2855
22.2671
19.6294
20.6636
19.6337
21.2528
22.5323
22.9633
20.7712
21.4852
21.342
26.4506
22.3209
20.1947
23.9127
22.5118
24.8791
21.6722
21.2805
22.3654
21.0325
21.759
23.222
22.14
19.9087
23.3692
21.8224
22.0402
21.0205
21.2873
21.086
21.1836
22.7965
21.3478
20.2164
21.5751
22.1183
21.0492
20.6436
19.4933
21.6476
19.4368
21.547
19.1872
20.3904
21.124
22.6914
21.5194
21.7376
19.2245
21.9467
21.2073
21.0968
19.4215
21.744
22.1158
23.5919
18.9554
20.504
21.7931
20.9136
20.2666
19.0791
20.0015
25.1919
21.187
22.9479
21.8625
19.2252
21.5139
24.4973
25.9683
21.7632
22.9354
19.6047
22.6273
21.087
21.1618
23.5471
19.1773
22.0254
21.4618
21.1893
22.531
21.8146
19.4103
20.5698
22.7381
19.6578
21.1114
19.8707
21.29
21.7943
20.189
21.4878
23.6815
20.9265
21.8317
20.001
19.7711
21.9478
22.7272
19.8231
19.6546
19.2417
21.1964
23.3929
21.3912
20.9287
20.6822
24.6256
19.1464
20.3373
26.1083
21.1868
20.2302
22.9121
20.2407
23.0748
20.9288
19.9868
19.5677
21.856
22.2435
