16.5411
17.799
32.6941
29.9748
0
13.9877
32.1832
0
0
0
13.9044
0
0
12.9792
0
0
0
0
0
0
0
4.91077
0
32.1975
0
16.6796
0
0
0
0
9.70592
0
0
15.9009
0
0
0.86146
0
0
0
9.65195
13.4767
0
0
0
15.1557
0
0
9.7215
44.6365
32.7106
24.8991
3.58062
16.3079
16.3034
0
28.9497
3.0225
0
0
0
0
6.59281
26.1246
0
0
0
0
15.4604
0
15.54
0
0
0
0.127556
0
0
0
0
0
2.28204
0
0
0
0
0
23.0396
14.9356
0
0
14.0904
0
0
0
0
0.563054
17.1885
17.6565
14.4511
0
0
26.9252
15.2003
5.31727
19.1079
12.0771
0
8.44725
0.219183
0
15.1086
0
0
0
0
0
0
0
0
31.0263
0
0
0
15.318
0
0.280572
0
0
25.9769
2.26693
14.6921
0
0
0
0
0
0
0
0
17.5708
0
25.8313
0
0
0
0
3.76335
0
7.29129
0
0
0
0
0
13.529
0
0
0
3.37078
0
16.4108
3.93001
0
0
0
0
0
5.49381
16.799
15.5316
12.6375
0
0
29.9038
0
0
0
0
6.35624
30.9822
0
0
0.0496524
0
0
0
0
4.50263
0
6.56965
0
0
0
1.95036
0
14.4642
0
14.0555
0
29.8145
1.55669
0
0
10.8621
34.3936
24.3234
0
0
0
0
0
0
0.140044
0
0
0
0
0
0
26.5766
0
4.40019
0
2.96349
0
3.2481
0
1.4058
19.7505
8.12423
0
20.2889
18.0136
0
0
5.91492
0
0
0
0
0
0
17.6476
0
5.99817
0
0
0
0
0
0
20.5912
0
0.464621
0
21.1158
0
0
0
0
0
10.354
1.36548
0
0
24.1962
0
0
0
6.23517
0
26.3969
0
0
0
0
19.1333
0
0
0
0
10.9207
0
0
0
0.213597
0
24.8738
0
0
0
0
0
19.8331
0
0
0
8.60113
0
0
0
0
0
0
5.99545
0
0
5.08955
0
0
0
0.360974
0
24.3067
1.27035
0
13.3807
0
28.9131
0
0
0
0
0
0
12.7309
0
8.67844
0
0
0
0
0
0
0
0
0
0
0
19.233
0
0
0
0
0
24.6286
10.275
17.6807
0
4.71413
0
19.7718
0
0
18.4998
0
0
0
0
24.9097
11.3913
0
0
0
0
0
20.6795
0
0
0
0
0
0
0
0
0
0
0
0
0
0
21.306
13.4905
0
0
0
0
0
0
0.854358
26.2514
0
1.42864
36.2328
0
0
0
0
0
0
13.7219
2.8773
0
0
4.20187
0
0
15.4495
0
0
0
13.4395
0
0
16.3186
13.3765
0
8.13217
9.37997
0
0
19.8341
0
0
0
0
0
20.5372
0
0
21.5835
1.71518
0
0
0
0
0
0
2.50279
0
0
0
0
0
14.2454
0
0
0
0
0
15.6142
0
8.76622
9.91362
0
35.8442
30.5359
0
0
15.8342
0
0
0
35.4423
0
3.13995
18.8289
16.0871
0
0
0
0
0
0
0
0
0
0
0
0
0
0
9.09975
17.7789
0
19.4056
0
19.346
0
0
7.33008
16.3361
0
0
0
0
29.1094
19.4372
0
0
28.4072
9.06949
0
4.28232
0
0
6.07319
33.2502
14.3573
0
0
0
0
0
10.9731
0
0
0
2.21092
0
0
0
0
0
3.735
4.57435
0
20.1435
14.0938
0
0
0
0
16.4749
5.84817
15.8878
0
0
16.9674
2.75546
0
0
15.2034
0
0
0
0
0
0
0
0
0
0.567399
0
12.6931
27.0556
0
0
0
14.1012
0
0
0
11.2289
18.8923
24.5052
13.1103
0
0
0
0
0
5.33014
33.9016
0
0
0
9.16094
0
20.8981
0
0
0
0
0
3.57698
0
0
0
19.5066
0
1.15503
0
0
0
0
0
26.2199
19.1643
0
0
0
18.0152
0
0
0
2.25579
11.9582
11.1443
0
0
0
0
0
0
0
0
0
0.425259
0
0
0
0
0
0
0
5.63658
30.4274
9.81164
0
13.183
29.012
0
27.5774
25.7213
0
22.1632
6.17076
0
0
0
12.9203
0
27.5447
0
0
0
21.4361
0
14.2842
4.90775
0
19.3897
0
0
15.0881
0
0
20.9082
21.3468
27.355
0
0
0
12.5453
0
0
0
0
19.4327
12.1283
0
26.1255
0.0271287
0
19.7489
0
0
4.76295
0
0
0
10.9928
0.163254
0
0
0
0
2.68266
0
7.98197
0
0
19.5865
0
0
0
0
0
0
0
0
0
0
0
5.64649
0
0
0
0
5.32026
0
0
17.0511
0
0
0
0
0
36.4547
2.45077
0
0
0
0
24.6315
0
29.5347
3.49425
0
27.6618
12.0847
0
0
0
0
0
0
0
7.10559
0
0
1.85845
2.22856
0
0
0
0
0
0
0.0311054
7.53799
17.9617
0
0
0
0
3.79824
0
0
0
11.6569
0
10.3216
0
31.5669
0
0
0
0
11.1802
8.57337
0
20.4495
0
19.1492
0
0
18.5006
32.9256
13.9566
11.5364
0
0
0
5.03243
0
0
0
0
0
0
0
0.814661
0
0
0
0
7.86456
0
0
0
0
5.06132
0
6.73918
0
15.7311
0
28.2358
0
29.7398
0
0
15.9674
25.9635
0
0
0
0.781981
0
0
0
1.6572
24.5567
0
0
0
28.5152
0
0
0
0
0
0
12.6111
0
19.5808
0
9.46596
0
0
3.67857
13.0899
8.15518
0
23.0801
0
10.402
0
0
0
0
0
0
10.1384
0
10.1364
0
0
0
0
0
19.2626
0
0
0
0
0.251312
13.1286
0
0
0
0
9.30143
0
21.6664
8.08127
0
0
0
0
31.0076
0
0
0
0
0
0
12.8499
0
0
0
0
0.476486
0
0
0
0
0
0
0
0
0
17.7199
0
0
0
11.1201
0
0
0
0
9.26818
25.9893
0
0
0
0
0
0
0
0
0
4.93984
0.236326
0
0
35.367
13.3595
18.9529
0
0
0
0
28.1624
0
0
37.9626
0
23.6645
13.5593
0
0
0
26.9607
0
0
0
0.150082
0
0
19.1638
0
1.26169
19.9275
24.7921
9.23733
0
0
0
0
0
0
14.0284
0
0
17.144
0
33.0142
0
0
21.7245
0
0
4.6099
0
0.280478
19.9569
0
14.5498
27.5665
1.03102
10.1905
10.0226
0
10.9869
0
0
0
0
6.44181
15.2393
0
0
0
4.66428
2.95981
0
0.980124
4.91514
