18.875
18.6184
20.2404
21.0057
19.4481
19.915
18.742
25.4766
20.0711
21.3821
21.9426
19.3806
18.7537
20.4538
18.5802
19.638
20.8927
19.8399
20.1437
19.0426
20.1975
20.3638
17.9888
18.1362
21.0549
18.0013
19.8368
19.8336
18.5451
18.9257
19.2485
19.7137
17.5704
17.9013
18.7459
21.498
20.6162
18.0759
19.6201
19.7934
18.5213
18.5254
20.7254
20.568
18.1266
19.3474
22.753
18.6696
18.4287
19.7569
22.7086
21.2978
19.2262
21.0193
18.9557
17.9175
21.7671
20.2162
21.4705
18.1218
20.9905
18.7569
22.086
19.5536
23.5527
18.5362
22.0792
21.9898
21.3634
19.3228
20.088
21.5998
18.5203
19.0439
20.3495
22.845
21.819
19.6581
19.8566
21.6436
20.9886
19.9215
18.6846
20.3207
22.7668
18.708
20.8377
20.4193
19.7499
19.8438
19.9819
19.2419
20.6735
20.0069
19.0139
18.855
20.1912
20.9473
19.5251
20.4658
17.5396
17.7963
20.2833
21.3733
22.1766
21.7216
18.2326
21.1349
20.7116
21.6165
17.9975
19.3325
20.0145
19.9608
20.0722
18.3118
17.5515
19.662
22.9618
22.026
18.4489
21.0151
18.4401
22.2638
21.7061
18.0312
21.2711
19.4264
19.393
18.0371
20.0413
20.1037
22.1349
22.7308
21.1886
20.4507
19.8582
19.408
19.8252
20.064
23.4948
20.7825
19.3692
20.2293
19.7029
20.6994
22.5626
16.9762
23.5317
19.9074
19.7037
21.8967
19.8251
21.0445
19.5795
20.2233
20.2231
17.8371
21.2107
19.3304
20.126
18.8574
18.5772
18.472
20.3293
22.1226
20.8749
22.5242
21.0611
18.8831
19.0648
19.0825
22.5373
20.9723
19.792
18.236
19.1939
23.9562
18.6564
19.9476
24.5261
21.1868
20.7642
18.3273
19.3398
20.2413
20.7257
19.8193
19.2762
18.2549
19.8822
18.5886
19.2117
20.7193
21.7817
21.6732
18.8748
19.248
17.74
18.4785
20.8077
17.5704
25.4415
19.7791
20.426
19.2858
21.375
18.9772
19.4905
19.8433
25.8742
19.1918
21.9862
20.3222
19.6456
22.2026
19.1483
21.4762
19.1505
20.1185
22.566
20.2125
21.6491
19.4152
25.597
26.3038
18.541
19.4101
19.2005
22.3626
20.0477
21.0535
20.7287
20.5626
21.0377
20.084
19.3008
19.4559
18.1179
19.8528
19.1339
22.8066
20.2961
19.7164
18.2802
19.1883
18.1047
21.5332
18.9486
21.4345
24.9334
22.0308
21.5891
23.0528
23.1133
19.0975
18.5582
19.2123
19.8409
24.8091
19.7543
21.1876
20.5665
18.7474
18.8626
19.7725
20.2519
20.2858
19.103
19.3712
21.5422
21.4385
18.3669
22.5853
20.2324
21.5003
19.719
18.6014
20.6583
19.6057
19.9602
19.0067
18.3358
19.0436
24.5306
18.7976
20.2586
20.2975
18.3858
20.2217
20.6549
19.9417
20.4428
24.1086
19.7629
21.491
21.4202
18.9506
19.2842
18.4569
19.8845
21.5212
18.5042
18.5762
20.0555
23.9648
17.9721
17.9642
20.3134
20.3244
22.8517
19.0191
18.2388
17.8506
18.4273
19.8344
20.3979
22.0441
18.7347
20.426
20.0476
23.1175
18.0203
21.2087
21.2559
21.0425
20.6663
20.3257
20.2464
18.2435
21.8874
18.6611
19.2437
18.2757
18.1503
20.2281
18.9831
22.1861
19.7486
19.0994
18.0497
20.5576
21.5091
21.1801
18.765
19.7003
20.1611
21.9602
19.818
19.5147
20.6667
19.275
20.0493
20.3467
21.8075
19.2884
18.6255
19.4441
20.8918
18.6282
22.4925
25.8023
21.2492
24.4515
20.303
20.9784
22.664
20.0334
18.6883
18.518
18.3357
20.2177
19.8338
21.5749
20.1929
19.5347
17.6289
19.9021
20.5993
18.4161
19.6818
18.9096
19.2102
19.199
23.8011
19.8705
22.5837
19.5532
20.7525
22.9424
18.9043
20.7387
19.5298
20.1892
18.2872
19.9102
17.8018
21.8284
18.2376
20.946
20.6582
18.1475
19.7935
19.6528
18.7363
24.2127
18.2537
20.0633
19.4923
18.0962
21.5259
18.9682
19.7626
19.3343
18.1381
17.5611
22.0811
18.0561
18.9227
20.7761
18.9566
19.2435
19.5093
18.5516
19.3832
21.0515
18.9496
17.8299
19.5013
20.3427
19.2651
21.2836
17.8076
18.1577
18.5898
18.959
18.9165
19.3367
18.2641
19.1157
19.6017
18.5402
20.5504
26.4974
22.4904
25.275
22.305
20.7364
17.9027
18.2187
19.5005
20.1099
21.1586
19.8825
19.6793
20.9836
20.5342
18.7207
20.5054
20.2405
20.9062
20.4486
20.0222
19.8604
18.4761
20.4928
18.9647
18.2592
19.2914
20.3239
19.3363
18.5372
18.3795
19.2852
18.5811
20.1661
19.4533
22.2506
19.1245
18.9302
22.7858
19.886
20.3204
17.8524
21.3702
20.615
19.3222
21.2849
19.8818
19.0996
20.1069
20.1733
18.3479
17.5646
20.2265
19.9047
17.8083
21.2045
19.3516
19.7688
22.4183
19.2327
19.5713
24.8302
22.9885
21.1661
19.9044
21.4187
23.4142
19.4668
18.5978
20.9674
18.866
20.3532
22.51
21.7297
22.7177
20.5607
19.3925
20.6333
19.3302
19.9876
17.8072
18.1337
20.4094
17.9577
19.7587
19.4486
22.0794
19.0742
18.3397
21.2631
18.5218
21.3907
19.4169
20.2805
21.9721
19.5202
18.9253
22.6151
20.6179
20.4434
21.4236
20.2055
19.2673
19.6445
18.2695
18.5913
19.6057
22.7013
17.9878
19.2023
21.5919
19.5425
21.2884
19.5302
19.3843
18.6291
21.8415
19.6516
28.7956
21.0945
20.875
18.3675
18.2096
20.744
18.013
19.7204
19.1553
19.7564
18.9165
19.1184
18.6065
22.2299
21.7112
20.646
19.7659
19.6905
20.7942
20.3403
18.7806
21.5502
19.2248
19.9148
22.7844
22.8683
21.0802
19.7101
20.757
20.8324
18.3676
18.8988
22.9381
20.124
21.232
19.1765
20.4738
17.928
21.2101
18.9098
20.7583
23.6519
22.4503
21.6074
19.0673
20.4498
18.3657
21.8603
22.198
22.1489
19.6038
20.0304
19.9884
18.7508
18.9001
21.9977
22.423
20.9636
18.3649
19.6941
23.2523
21.7944
20.4017
19.827
19.0187
24.7909
22.726
18.6292
21.5833
20.6106
23.4851
17.9516
18.814
20.1185
21.2309
21.8211
22.3
19.2129
20.3671
17.4352
22.1069
22.2671
23.2851
19.5178
23.0244
20.034
21.7093
18.4609
21.0598
18.8891
20.4172
18.145
21.4054
20.5742
18.7384
20.7085
20.2626
19.8697
20.1435
18.9286
20.2856
21.3869
21.3162
18.831
18.4459
19.9895
20.6973
21.183
20.0409
19.3462
19.4851
19.2825
24.1611
21.6455
18.9051
22.5003
18.3191
18.3287
18.6939
21.5199
19.3971
18.1006
24.9177
18.9754
21.2892
20.5058
23.8393
20.0124
20.1434
18.4673
18.8216
18.7278
19.0788
17.5077
22.3394
20.0691
23.3455
20.6419
19.1761
20.0151
20.7173
21.3085
17.83
19.1125
20.2397
19.1286
19.1497
21.5051
20.3421
17.8832
23.5551
20.4146
21.1609
18.6288
17.4861
19.3023
20.7746
19.9366
21.1631
21.3926
21.4049
21.6538
22.1131
18.0534
21.3821
18.8527
19.8684
18.7868
20.0477
19.4243
22.0114
21.1027
19.3246
18.952
18.838
21.2174
19.733
22.0744
25.7251
17.7714
23.7677
19.4661
21.0904
18.5719
19.79
18.9233
22.1523
20.7506
20.222
22.2354
19.3048
20.4997
19.9755
19.362
21.4239
20.678
21.5664
20.2188
19.2431
17.0241
22.641
18.3481
20.0975
19.2614
20.6038
18.4694
20.5245
20.2684
19.4241
19.9928
20.4092
17.8915
19.8623
18.7892
20.3207
17.9865
21.439
23.2805
19.9726
19.5464
19.6763
19.0652
24.259
20.637
20.265
20.1766
21.1978
21.6831
22.8616
19.0067
19.452
18.7158
19.1945
19.1375
18.3175
17.5291
19.6766
20.1161
19.8581
20.7483
24.4926
23.2235
20.4041
18.9188
21.1094
19.096
18.1071
20.2718
23.2431
18.2706
19.6239
21.1421
18.785
19.3465
18.8214
18.3036
22.8719
21.9317
19.2625
19.993
19.0095
19.3377
19.4894
20.8617
21.1203
20.5244
22.92
20.5304
21.2735
19.4768
18.0633
19.6434
18.082
20.4291
20.2771
18.0087
20.9047
22.8401
21.1283
18.9127
21.5312
20.8964
21.0121
18.1309
21.4882
19.0646
17.6751
17.1525
20.4538
17.7837
21.4226
19.8434
19.5377
22.0375
20.8262
18.2385
19.6514
18.5777
18.8549
19.7308
18.1455
20.8974
20.3818
19.1657
21.5711
19.2327
19.5306
18.7727
18.4534
18.7348
19.3567
18.093
20.5613
23.9692
20.3411
21.1666
20.9934
18.5564
19.2463
21.5712
19.1747
21.6608
19.0972
19.8373
18.7769
18.3505
19.7907
19.6049
20.4321
20.1863
20.2246
19.9753
19.5533
23.2049
19.6648
20.5344
20.1549
19.5583
19.1642
19.0586
19.0414
17.8287
19.9046
20.438
18.9183
21.9369
19.7178
22.4443
19.2852
20.6967
17.9109
23.1427
19.157
20.8939
19.8015
19.6015
21.8522
17.3934
20.4734
21.1649
23.0183
17.8286
19.9185
20.2039
21.9886
19.6641
19.3079
22.4592
22.507
19.681
18.5206
24.8666
19.3407
22.4903
20.1239
22.036
18.0031
21.827
19.4319
21.079
19.9722
19.55
23.4044
19.4419
19.3863
20.5842
20.4032
19.3922
19.8269
19.3407
18.3731
18.2562
20.1322
20.0405
21.4142
17.3567
22.2845
18.69
22.0699
21.0713
20.8582
19.3267
20.4786
19.0794
24.3082
20.9044
17.988
20.1852
17.7688
18.344
20.5298
20.2201
22.0904
20.3239
19.0998
23.1788
17.769
19.8956
18.3112
18.8075
21.5847
18.6275
19.4758
19.8431
20.168
18.7483
17.9503
18.7119
25.2372
18.0492
20.3011
21.6219
20.4699
21.4267
17.5754
23.3309
19.7
21.1063
23.5711
19.5505
