18.3491
18.063
21.1795
19.6951
19.3476
18.0867
19.533
25.0039
20.9245
19.2492
18.5895
18.1834
20.7038
18.267
19.7564
19.187
18.9905
20.2229
19.7089
18.4058
19.2036
16.9871
17.3279
17.7269
20.2078
17.6542
19.9651
19.3706
20.2924
19.3746
19.1788
18.2954
18.4161
20.9609
19.1187
19.2904
17.9841
18.9784
20.5191
19.3746
21.1162
17.769
18.6729
19.379
20.718
19.6634
18.6861
20.8917
17.5549
19.3662
18.8311
18.1252
18.3776
22.0461
20.7213
20.3751
21.2802
18.7713
17.8405
21.4548
20.8893
24.4983
20.7388
16.9272
18.5591
18.849
18.415
21.0167
21.1973
19.2302
21.5227
20.4866
18.3354
18.7369
22.3586
20.7933
20.0034
18.0856
21.6602
19.5542
20.4385
18.7284
19.2448
20.8692
20.5119
19.11
18.0466
19.5929
22.0736
19.5018
18.4725
18.2419
19.0665
20.6172
21.1652
19.3322
18.7603
20.2822
20.8053
19.5753
19.6404
21.6578
17.7615
18.9194
17.4765
20.9992
20.9387
21.2157
21.3005
18.8826
19.6009
21.4747
20.2803
17.1102
18.7535
19.082
21.4825
19.4845
21.0546
17.8741
19.1566
18.9142
18.8674
22.4758
18.0213
18.0895
19.6172
20.6791
17.9943
19.5499
23.4341
19.7896
18.8238
18.0538
19.4663
19.2656
22.2214
23.8009
22.1605
19.0112
20.3495
20.3627
21.0489
20.239
24.0609
20.9189
21.42
18.9556
20.4677
18.6276
19.5919
16.7211
23.2573
19.0211
18.7655
19.6565
20.6404
19.2901
19.9707
20.6583
20.9184
19.499
19.6338
18.6406
19.6422
18.3272
18.2757
20.1913
19.2864
18.0318
18.7601
18.2107
22.3911
19.3966
18.7833
18.3652
21.3739
18.0494
19.0929
20.5054
19.9844
19.2197
17.6674
17.7711
19.9583
19.5933
24.7952
18.2226
20.1542
20.4087
18.7933
18.4479
19.7655
17.675
17.2147
21.6128
19.0058
17.1087
18.0826
18.1785
20.4525
19.0233
18.6577
21.4684
18.1036
20.5586
19.343
19.5227
20.4842
20.7285
21.9856
19.7305
19.0111
20.2153
18.5561
20.1354
20.2792
19.3012
20.4858
20.8775
20.1067
19.7774
27.7608
18.7884
19.4899
20.5509
23.3132
21.379
18.0639
18.769
17.9725
17.4082
20.1912
20.5232
19.5066
20.4982
18.6527
18.896
19.2709
18.8473
17.7886
19.9039
23.0752
17.7362
17.5521
19.2214
18.3339
17.822
22.2163
18.8787
17.9797
23.3674
19.7797
23.3548
21.1346
22.9843
19.3776
18.1454
19.1296
19.7699
18.7302
21.2035
24.7517
21.3293
25.1345
18.8455
18.2913
18.1933
23.8053
17.8699
19.6421
19.702
18.3173
19.1374
21.5636
17.973
17.848
19.4315
19.873
21.0384
19.0769
20.6756
22.2612
19.4599
18.0567
17.4927
20.0859
20.9813
18.3071
23.8704
19.672
21.1088
19.1514
18.5662
19.5443
19.6515
19.9875
18.7651
21.1701
20.9298
19.917
19.9564
19.3529
23.2704
17.2888
18.1072
19.9647
19.5659
18.513
19.8799
17.865
20.2986
19.8574
18.1341
22.544
16.8876
17.8148
17.6328
20.9816
19.5367
17.3386
19.4123
19.6038
21.3488
22.8285
18.1393
23.0442
17.2318
20.8022
18.3005
21.7502
20.4296
19.4357
20.3767
21.3569
17.686
19.2384
21.4469
19.68
19.5119
18.6844
20.1959
19.3949
19.0829
21.3493
16.9161
18.7976
19.1588
18.0211
20.27
21.4864
17.1678
21.1626
20.6422
18.3555
20.7899
21.5137
19.773
19.1116
22.6018
18.8771
20.4658
17.7052
17.814
19.2935
18.3493
19.8349
17.1738
18.0021
19.9722
25.9554
19.0473
24.5782
20.013
19.2465
19.0213
20.1622
20.7641
20.9542
21.2248
18.1829
19.9109
19.4105
17.2718
18.0509
19.9429
21.6523
19.4567
21.0249
21.0841
19.3708
17.5084
17.7336
19.1308
18.8538
24.3253
24.9978
19.2609
18.8455
20.4347
24.4267
19.9262
18.4216
18.7258
22.5622
17.2611
20.1072
17.4786
18.3778
18.855
18.4456
18.7255
25.2889
20.4447
18.9366
19.412
21.7341
17.2557
18.4387
18.7518
19.104
17.6375
18.4701
18.9087
18.7522
23.7347
18.0031
18.4062
20.142
20.0413
21.6804
18.8946
17.3444
18.1089
20.5215
20.4462
20.5756
19.2365
18.5888
22.3988
17.579
18.9771
18.5615
19.4273
19.4848
21.0104
18.0058
17.3726
20.0039
20.7993
18.9735
18.6887
18.6882
18.4843
17.6886
18.0233
20.1549
20.2358
17.9742
21.851
18.0291
20.105
18.515
19.4331
17.6666
18.4953
21.4432
20.7091
17.7689
19.7023
21.4132
20.8685
19.9268
18.8736
19.7248
19.0577
18.826
18.8822
18.532
19.5316
20.393
17.0566
17.664
19.28
18.5123
22.1648
17.9083
19.3189
22.3915
19.6116
18.9304
21.4566
21.0925
23.2241
19.1742
19.4707
22.8627
17.4037
18.2364
20.0292
19.7866
22.4012
23.2264
19.6255
21.5951
17.769
20.6409
18.7302
17.3569
19.886
19.1951
20.4319
19.6251
17.7935
19.3617
26.0199
20.2298
20.5084
17.6831
18.2204
20.9968
19.8637
18.9557
18.8279
20.6071
20.6528
20.1302
20.0813
20.2433
19.7279
18.1539
19.0246
20.1828
17.991
19.5775
21.892
17.63
17.6587
18.7849
18.563
18.7209
18.6394
19.0546
20.4109
24.4888
20.8243
18.9315
19.2243
21.3875
20.7466
18.4103
18.5468
19.591
20.8744
20.0836
20.8907
19.7803
18.8373
18.5216
17.6795
19.1946
20.598
17.4867
20.8135
20.2888
18.8747
20.0451
19.1068
18.9284
22.8235
18.4995
18.862
18.7204
19.5026
21.3312
19.4922
19.4239
20.4501
17.4265
17.7387
18.7519
18.6001
18.5387
18.6467
18.253
18.513
21.6118
17.4764
19.1616
18.5214
20.2657
23.0483
21.0749
18.521
17.7116
18.5183
21.5948
19.824
19.1438
19.2411
19.2634
20.4934
18.4745
22.0033
18.0085
19.2169
20.6988
20.2354
18.0732
19.5859
20.8199
24.9559
20.9944
21.408
21.0407
21.8943
21.1494
18.3186
20.8276
18.9126
22.9523
22.2402
21.6271
23.6992
19.4215
18.1913
17.0302
19.0087
20.4423
23.1206
19.1313
17.9025
23.4249
18.3654
20.3674
18.4983
18.476
18.3618
22.2629
17.6329
19.9997
18.1819
20.0806
20.9965
17.4959
21.4653
19.7732
18.2777
21.9246
19.6107
20.7065
21.8169
18.2452
22.3552
19.2675
20.8167
22.423
24.5896
21.1455
19.2619
19.7371
21.2478
20.9753
18.2613
18.5212
19.7457
21.9452
19.6699
18.7096
19.7557
18.9755
20.7237
24.1855
18.6683
20.7905
23.9565
20.2988
19.7642
17.9108
19.5228
19.4938
17.8687
19.3726
21.9246
21.4256
23.0551
22.0814
18.8318
17.8729
20.3222
18.1575
17.326
19.6531
17.6599
18.6607
19.8892
18.4845
23.3021
20.1575
23.729
19.6812
20.2692
18.0219
20.2803
18.2075
20.6691
17.0377
20.687
19.3371
20.8052
25.867
21.3533
19.2005
19.7501
20.5255
21.0207
20.5761
18.5988
18.2958
18.6896
20.8567
20.4209
20.5155
24.4742
18.4581
22.3657
18.1426
23.5791
18.789
18.9164
21.1285
20.9318
18.1106
21.5063
18.4559
19.3506
20.1764
18.4121
21.3535
18.3332
19.2692
19.4026
20.4057
18.9187
21.6284
18.7971
20.535
19.2392
18.7313
20.9648
19.9371
20.7322
19.7052
19.0309
20.141
22.3393
20.2636
20.4715
18.9928
21.1208
20.1766
20.131
20.7981
17.0323
24.0871
18.7853
18.8588
16.626
17.5582
21.3101
20.0914
18.9071
17.9795
18.9559
19.938
23.1384
19.488
20.0348
20.9832
19.738
19.864
21.266
18.2942
19.8858
18.7196
22.0653
16.9258
19.1165
18.3227
18.4493
19.2845
20.6033
20.5828
22.7879
21.1546
18.1572
20.0941
19.8121
17.5809
19.5344
17.7128
17.6862
20.6207
18.649
19.0471
17.847
17.7361
19.251
21.4397
19.1431
18.3034
19.9698
20.2788
20.8112
22.6153
21.7231
22.8507
20.7858
18.4758
22.0388
19.2121
19.2107
18.4204
17.4716
20.0062
19.1135
20.2499
20.2336
20.2685
20.9051
21.091
20.8717
17.2889
19.0273
17.2937
19.0394
20.5484
21.7982
20.3433
20.0932
19.6188
21.8506
20.7798
17.7284
19.5746
17.7889
20.3335
18.0671
18.5275
19.1339
20.4482
21.0109
17.6317
18.7733
18.4234
18.972
16.8067
20.7887
19.851
18.4333
21.0259
19.6086
24.7937
18.8983
20.6944
19.68
18.4637
18.3392
18.7102
18.4127
20.7895
17.8518
21.3928
19.7183
21.0211
21.2862
19.8946
18.8076
20.2764
17.2562
20.5495
18.2018
18.5755
22.7665
18.9058
20.738
20.7788
18.0361
18.4898
21.2119
18.7793
18.0836
20.0253
20.4778
21.7107
21.8547
22.6905
18.6681
19.5381
19.8177
18.3316
18.4958
18.8907
21.9195
19.249
21.3073
18.0333
21.7597
17.7066
18.461
21.1217
17.4803
20.3981
17.5263
18.8225
18.4646
20.4565
19.0262
18.0583
18.5998
18.9179
17.392
20.1733
25.9918
19.2553
21.1433
20.7224
20.5289
20.7778
18.9392
22.9459
17.3881
19.924
19.7369
20.0912
19.223
21.7118
19.3879
18.871
19.5466
17.9293
18.942
22.4498
24.4588
20.7323
22.1025
16.8768
20.3338
20.1367
17.507
18.8569
20.2425
19.7035
21.1303
18.6617
18.7943
19.7442
23.8547
18.6882
17.6202
17.6802
17.3179
20.0154
19.9651
18.4666
18.8419
19.881
23.0663
17.747
18.6688
19.8578
22.7469
17.5896
19.66
23.2178
17.8902
20.6125
19.7268
20.8505
18.6925
18.2333
18.5768
18.3732
17.2861
17.6488
18.0999
18.8993
19.4606
20.6606
19.1476
19.5884
17.4372
24.372
19.6111
17.1121
22.9776
18.606
20.9503
23.6235
18.9163
