41.5516
33.7115
28.6492
38.6058
41.601
33.6133
41.533
31.4711
45.5613
44.2655
33.2561
45.6522
34.8511
33.5021
43.5055
42.5386
30.5765
31.3725
39.1898
31.02
40.9371
39.4731
32.8863
35.9734
45.6125
44.854
41.8369
36.9125
32.7634
34.2751
31.6815
49.1002
30.1714
34.6167
33.5841
31.2286
43.3649
46.8318
59.9876
28.6213
44.7764
41.684
30.187
35.7901
29.9116
35.4536
31.4871
36.4663
30.4608
29.986
33.0579
35.1363
33.9204
37.9039
33.4179
47.9812
52.5195
32.1127
36.674
36.3173
46.0066
37.3007
38.1606
44.5459
31.3117
39.7229
39.2561
43.6355
29.6006
32.7694
39.2265
35.2642
32.5223
49.7321
38.838
29.393
34.8995
34.6468
33.9951
30.6556
42.3451
51.995
32.545
43.005
31.9485
32.7895
36.8057
34.1714
54.5845
42.8766
33.1117
39.1461
46.228
30.1864
37.7137
39.0141
46.8285
31.3804
42.9613
42.2738
59.6732
37.6108
35.1102
32.1409
38.99
31.2548
34.6515
55.2019
27.3504
42.5457
36.5563
32.9008
30.5974
36.4981
27.5717
35.6143
33.8708
29.8351
32.9386
50.7759
35.42
33.6091
52.7194
38.4469
30.6648
31.0469
42.1152
41.3543
37.4738
31.3096
38.5142
36.2892
44.7199
39.3676
33.2552
56.5054
31.3564
51.168
33.5464
30.9987
43.4526
65.4576
30.5746
29.9185
34.6179
31.9999
31.8061
32.4474
36.8373
33.7095
30.8255
51.349
37.6122
40.857
39.2325
37.5035
41.362
50.6753
34.5756
35.3521
59.3701
36.4109
33.5408
31.0148
34.8726
34.6178
42.343
30.2292
44.9616
33.2347
37.8271
35.0779
32.8154
33.7315
43.9934
41.51
59.3213
36.9426
45.9547
34.7844
39.1726
34.3123
37.6034
31.8421
47.2952
31.0429
34.5593
41.1864
32.3584
33.6422
38.6979
32.5624
31.3223
33.0342
36.5209
34.0197
32.1034
39.3281
44.5973
31.4
30.3927
37.2373
42.367
33.1548
34.2268
55.3086
46.5528
26.5545
37.3118
40.8845
54.696
39.5165
32.9571
49.0158
45.0155
33.4288
51.4501
28.3759
47.0689
34.677
41.2824
42.4972
32.5341
40.0721
32.8821
36.0368
44.0747
60.6261
33.1551
31.7692
43.4842
48.69
46.514
34.4093
46.7211
30.5799
29.3794
41.3768
38.9454
39.9745
36.7409
47.5899
34.8144
31.2593
40.395
31.3683
41.0875
35.9125
37.9332
39.4734
30.4665
32.7355
42.0008
61.9322
37.6432
32.1162
39.3335
36.3853
48.2029
32.8842
38.4216
33.148
36.7904
33.641
32.2506
31.0869
50.1024
32.0861
33.9756
28.9443
43.4277
36.1837
49.8356
43.9938
54.1479
51.7285
46.3718
47.3544
34.1078
39.7484
45.7548
45.294
35.6655
37.5681
56.8914
31.9633
30.9614
42.3634
48.6278
36.5238
30.9005
31.9566
54.4836
45.6438
31.8538
32.9784
30.8724
33.0261
28.5476
32.5669
38.0055
57.3609
43.0737
47.0802
31.5893
38.9082
46.1092
47.0304
44.1813
56.421
27.3175
33.1873
46.0302
41.8753
27.0746
43.201
36.896
31.5707
35.4056
42.2034
33.0919
42.5669
34.9819
33.4663
30.1383
37.7071
38.6246
36.6573
36.4725
55.2568
44.2551
40.6213
42.9716
39.2024
28.5751
62.3104
33.2234
48.5239
39.1854
32.7398
55.5466
38.2004
35.7761
33.2911
33.9703
44.7103
44.0659
31.2597
37.1137
34.3724
29.0433
44.8155
38.1704
43.9215
30.5998
42.8664
32.6751
31.8293
32.9616
36.8994
36.1115
35.0121
43.4932
33.8261
42.6539
30.4916
55.6108
34.3645
33.5901
30.8003
32.1676
44.3051
40.2481
39.2647
35.5707
33.9035
47.2866
42.5773
40.4084
33.9218
31.4241
34.5171
34.7184
36.7402
52.4128
39.4746
39.6464
33.9909
30.4144
36.1832
31.7493
29.717
30.0282
51.4649
38.805
42.7538
59.1837
43.0157
31.8136
37.766
36.1967
36.1334
39.8602
40.6472
39.5365
29.6609
31.1005
33.4729
44.244
42.2561
46.1155
32.2227
29.6814
43.7493
37.0991
33.1414
45.9154
30.6443
46.1
45.4924
33.9561
51.6139
30.1377
38.8204
36.4684
32.6148
40.3769
41.0177
34.4151
37.4938
51.8393
34.2966
42.2082
30.0725
54.8614
47.5145
36.0031
34.2919
42.4743
54.1456
44.8064
35.9627
47.0739
44.0931
33.7943
37.4464
41.9123
35.8729
48.4352
41.7443
37.1939
42.3222
33.5764
32.7255
31.4464
49.0315
30.8522
34.5637
37.8552
38.0058
33.1939
43.7427
50.8782
29.8303
52.3544
34.6274
45.7005
36.3132
30.5586
49.9333
41.8652
38.4947
51.4721
32.2527
36.8666
41.9971
33.3084
37.6552
30.8152
62.1694
50.2306
33.3683
33.9533
41.2656
42.1127
29.5054
37.9509
36.3867
39.1846
43.8832
28.6097
35.0676
42.0929
29.5995
34.4139
41.0173
48.7359
29.864
39.404
31.8308
33.6295
40.9006
57.7311
50.8815
40.0238
52.7879
37.8933
37.7756
31.4322
36.4531
40.3277
47.69
30.3811
43.3691
37.9978
35.4568
54.0405
38.0188
44.81
31.1219
47.9583
38.1063
40.5724
31.6357
40.1601
48.7166
42.9198
42.0942
43.6163
31.1702
29.834
53.1016
33.5536
32.9071
35.7994
33.3909
35.1167
36.7856
46.3615
31.0222
40.0315
33.4416
30.6622
35.4579
30.4518
38.0335
32.3139
35.5366
32.721
46.0022
37.1884
51.583
37.1927
36.5657
34.4545
38.3657
32.8671
41.0662
39.4714
30.3597
32.8183
29.3145
35.7396
29.8874
43.092
66.5617
37.707
37.0854
41.1833
56.5665
33.7885
57.5438
33.2816
31.1317
29.6464
30.0448
39.4653
39.3213
35.5585
32.5099
45.5872
31.772
50.4868
43.8463
35.4075
32.1781
33.6943
31.828
40.704
48.7449
35.0988
43.1169
40.0345
37.1195
40.1261
32.5894
31.5263
44.9177
33.8753
35.8097
39.1756
42.6988
52.1002
47.486
40.6823
32.4031
47.3288
41.8928
34.11
46.0488
27.5244
40.9524
33.0827
38.8906
38.2003
53.4097
36.805
34.2863
49.127
35.1891
40.5426
31.991
30.4135
44.1033
50.9685
59.6568
44.0576
53.1603
36.9487
30.4511
42.9825
32.0341
34.6277
39.2386
39.0205
41.7823
37.824
34.4282
30.5785
35.8974
38.4099
30.0349
33.775
47.0032
35.2646
39.3143
30.7424
33.3531
35.5904
31.7013
31.018
47.5024
36.1454
38.0341
46.8772
35.696
42.0559
36.7167
37.9818
38.1072
47.0281
30.112
33.9865
39.4456
55.5748
37.2671
30.4824
28.9862
32.3251
35.9299
31.8476
39.6915
39.0218
37.5198
29.9462
33.7567
32.7367
32.2397
37.0189
38.4444
34.7831
32.0857
36.8038
44.718
33.6926
48.79
43.8969
53.0514
44.055
44.557
34.3957
30.3806
39.6843
40.2251
34.4884
33.1711
39.258
51.9808
34.6623
30.828
40.2363
36.3969
38.5491
38.9854
35.932
67.9911
42.0256
27.1878
39.3489
38.0402
48.3188
39.8482
48.016
37.2455
33.9468
33.7504
38.1364
31.0747
33.7998
38.0897
33.7632
66.0692
31.1742
29.698
48.1464
52.4544
44.2882
39.9701
48.3746
31.1822
30.3961
31.2421
36.1156
37.512
50.9829
35.4681
43.0467
33.9058
45.165
33.3361
32.9916
33.3549
39.686
39.8022
32.6519
35.5995
38.4984
50.6509
41.3943
29.8997
40.5934
30.6283
41.7414
34.0589
45.2998
33.7609
46.066
38.3396
33.1526
31.768
31.4534
36.4404
44.3695
38.6926
36.9524
38.273
45.742
30.6372
39.5906
47.9907
39.3763
48.7798
37.2749
34.7895
39.4399
41.271
29.9447
43.7236
44.2473
31.3757
38.3014
31.4108
37.1194
34.0019
29.0524
34.112
35.5644
35.9629
49.8296
39.824
34.9175
52.3578
45.4882
32.1018
38.6973
33.5212
32.4596
40.6061
37.8168
40.5229
41.6563
38.3823
35.8212
34.0496
30.0166
42.3882
30.9444
30.7397
29.6623
50.6179
41.5615
36.8669
38.8215
44.5099
36.191
26.9172
38.705
34.4341
39.7352
31.5583
38.934
42.975
30.9597
31.185
30.72
32.6404
30.832
31.6442
53.6002
37.1573
31.5694
40.2354
52.3125
41.4963
53.8025
34.9986
33.6052
47.5641
32.8863
46.2779
47.9342
40.7037
43.0259
43.9301
31.0244
36.357
45.9232
51.9723
33.2161
35.623
34.8687
40.5263
34.224
31.8134
45.5776
34.5132
41.0053
43.5276
50.8749
34.9906
32.269
34.0811
38.2163
32.0138
40.3783
39.5647
39.9305
33.9266
53.2955
34.1424
31.689
31.8301
40.9514
62.3464
36.1442
36.4971
38.5123
29.9101
40.8034
30.8707
30.9845
28.1864
40.4069
35.5922
44.4645
36.4273
42.9203
38.1683
31.0057
37.1445
34.7664
40.9241
31.6282
40.6888
31.3101
29.9089
34.757
53.0667
35.0506
34.1161
40.0909
32.768
43.2258
54.1346
46.8046
32.98
32.7638
30.9351
33.9163
37.7951
34.9236
33.7287
32.2823
30.1499
32.313
30.399
30.6473
36.0709
43.6616
41.7142
37.0908
31.2134
39.6035
39.0754
37.4987
33.414
43.2406
46.3099
31.1232
44.9035
29.9006
35.173
46.3726
33.3359
28.7902
33.3124
30.2587
34.9321
32.8084
41.0531
31.9552
50.9063
41.7978
31.5279
27.5527
35.6916
32.0677
44.8657
49.4113
26.4022
57.4486
34.1641
35.2915
28.4282
33.631
32.7876
35.6514
41.6829
31.3547
58.4905
32.0163
36.8208
38.0062
57.3392
45.4251
33.1598
40.3283
34.3632
33.0416
33.1358
40.6114
29.881
59.5502
42.1657
44.6087
55.4062
55.4958
30.2701
34.4481
37.4654
31.5871
36.8336
36.6472
33.4295
35.2848
34.685
35.8812
32.1743
34.3508
32.0296
38.7075
40.7611
41.4755
39.6196
43.5263
43.4502
31.1649
33.9665
41.7308
38.7183
