35.694
63.5562
64.5643
43.3625
24.0896
31.8333
71.21
28.3414
39.7781
34.5718
37.0837
57.3128
20.5067
74.5742
71.196
70.6219
45.0107
20.0518
75.5572
64.6224
72.6439
71.1814
77.8278
71.8629
17.5971
25.1952
60.3876
78.3735
79.008
19.4078
22.0801
84.1841
67.1895
84.151
70.6506
62.4983
67.1212
62.338
76.7968
80.699
77.537
22.7089
83.6994
58.919
67.9297
47.3723
18.8865
20.1945
53.3155
81.7136
58.0553
26.1456
37.89
18.6641
64.8748
39.6763
73.1677
42.0015
82.1125
39.1776
62.1654
66.0441
68.0018
35.7163
64.152
34.2992
70.1778
63.4625
63.4359
55.9035
56.3618
18.2341
63.9202
18.756
29.2135
83.0242
74.114
32.7113
19.5175
67.9749
66.0813
64.9815
64.9189
64.8659
83.6608
57.2153
18.21
17.6976
20.6393
65.6737
64.4269
67.3586
20.787
20.1483
64.0367
73.4476
17.4354
68.8334
56.2972
66.4413
19.5957
21.9649
70.1265
60.4027
65.9184
18.9374
71.7245
66.9119
18.574
64.7872
32.142
40.3845
75.6327
63.9078
89.9762
77.213
70.7356
67.2054
64.6281
75.9337
31.5444
69.3347
88.4231
33.4196
29.1211
76.5325
64.3196
35.4941
71.2133
72.9348
19.4838
58.1746
80.6848
18.4552
74.8553
65.3364
18.2184
21.2356
67.9536
61.2647
76.027
64.1587
72.4136
32.0503
80.7007
71.7703
84.2029
55.8359
66.0176
75.182
73.9527
77.8753
66.2979
27.6317
74.4291
76.1163
62.9309
18.9342
100.495
60.1418
74.0314
43.0603
70.5773
70.5445
76.5754
74.6603
71.8156
60.9459
78.2035
64.0711
72.4423
37.4765
65.0755
68.0877
65.2524
79.9893
21.0018
18.9212
62.0484
64.6655
63.4884
68.1397
75.885
36.3589
97.4172
66.7661
69.7967
77.3842
64.1408
65.9485
74.3225
36.0285
64.5742
75.68
70.9007
62.7843
67.7914
62.1044
17.6937
39.7319
32.6455
60.2512
74.8873
61.077
19.3203
90.8675
74.6052
36.2357
18.5503
18.1681
71.2611
74.8843
18.7668
76.9973
26.1808
63.6295
68.368
55.3492
72.0453
73.6807
66.4225
26.8606
67.1438
80.2995
42.0681
73.4679
86.5642
22.151
36.5532
72.7313
66.8625
29.9057
69.477
76.5389
68.4144
19.089
77.5178
41.7704
22.8087
56.5802
62.8211
90.2355
28.4628
19.0895
66.7174
84.0063
62.9197
32.1398
73.2132
40.3505
65.3567
60.0926
64.5616
91.7931
70.4036
72.8878
77.591
21.4029
64.4946
95.5849
67.4509
19.4531
24.0071
76.1185
19.955
21.1996
21.1492
58.9795
63.4758
62.1932
17.7833
76.2626
79.9598
33.6213
71.8916
76.4632
19.0158
62.8225
68.5916
19.6867
31.9567
19.0115
70.9573
29.7454
58.967
64.3305
75.7195
67.802
70.2229
38.5571
72.8397
69.1646
66.2137
67.094
63.0603
70.3757
69.6061
59.6457
31.1189
84.4363
20.8568
66.4289
66.6218
27.6683
59.4531
65.8932
19.5705
78.5418
72.0566
67.4251
67.2149
69.0256
68.4874
73.4265
70.5921
76.9799
62.1062
18.3837
62.1743
20.53
75.7652
78.4159
72.0488
79.6654
66.9148
63.5965
47.5188
69.3235
69.4212
18.8875
22.4676
64.453
69.3315
84.8711
76.8432
67.5908
68.1853
43.8783
73.4248
61.1412
66.212
34.5663
79.7335
74.7562
75.3136
70.2147
28.9506
58.8206
29.5459
66.1256
29.5564
73.263
68.9117
67.5454
81.8906
16.6319
65.4217
18.9168
67.3523
33.2333
72.7387
37.3957
34.58
22.7154
54.408
74.2624
70.8341
26.5102
19.871
33.4986
72.3047
59.8133
18.4025
66.6145
77.0269
22.4226
66.0453
78.4185
57.2422
21.767
74.0462
69.1986
23.7023
58.8898
80.8839
33.1765
71.4928
19.344
71.3557
20.2707
61.1868
27.2987
69.1445
67.8309
84.1462
66.139
45.1894
67.5283
89.1784
20.415
58.3623
68.9758
67.6885
66.5294
68.1882
69.6832
76.7158
35.9931
18.2468
71.7033
83.9261
60.8311
71.7972
54.8644
77.5872
26.861
70.2262
55.2669
19.4578
66.9126
70.4831
98.6295
20.7207
68.2661
37.0883
18.3263
19.7123
71.6244
71.6242
79.1171
19.0906
39.4753
72.2043
65.9177
68.02
18.3793
72.2863
41.3679
19.872
22.9554
68.733
25.4497
77.6871
82.9659
18.5145
69.0022
69.7682
18.2635
74.6279
42.4313
68.1621
80.8165
74.3819
68.9143
67.8214
18.7381
67.9206
73.3065
71.8877
19.3088
67.3628
65.5083
66.2453
66.2917
34.6274
47.3164
65.1072
39.3914
69.8982
64.1307
68.9912
57.8614
82.8099
63.9029
67.1844
60.3561
68.1867
61.1906
77.1102
73.9148
75.9331
39.0584
73.6172
68.2904
75.4265
45.533
64.093
20.334
52.7541
72.5857
73.7931
17.5297
79.936
61.6434
77.8695
71.8439
76.0155
18.5344
20.2953
77.6245
38.1825
58.3751
70.33
65.1172
73.8506
75.5931
45.6028
61.9159
75.5984
72.693
17.4997
25.925
75.69
77.92
30.155
20.7056
75.3326
18.1231
69.8054
82.2844
66.478
18.7636
56.6048
73.0246
17.35
77.6132
69.2767
75.0244
64.9321
81.2863
42.1846
68.4869
18.1532
66.6516
18.2859
75.0049
77.0014
43.3266
62.2803
34.6652
31.1746
67.9892
20.0376
60.0294
66.1797
85.6917
65.5071
26.3984
82.3886
70.6947
31.2051
35.2153
68.2466
71.9798
69.4656
86.0242
60.7152
74.1602
69.4962
80.1058
78.5005
67.158
47.395
20.8399
90.872
70.9196
67.7867
49.365
19.1054
29.52
76.7182
65.386
19.3724
19.6901
19.2295
67.7045
19.6111
75.056
63.8368
65.7475
85.3491
74.4411
40.653
91.6663
64.9844
18.8378
65.8696
68.544
68.7057
66.5481
91.4159
63.4758
75.1165
74.6517
69.8661
78.1983
66.6055
82.2558
73.7679
66.1953
20.2156
63.6516
74.0138
55.0129
64.8246
20.7678
70.8792
19.9721
37.5707
79.6934
85.5326
78.4728
29.0519
72.8639
42.4024
43.8424
83.6056
80.7984
76.0264
66.255
33.8464
63.962
59.2426
19.9354
71.912
26.9929
68.5046
83.1404
64.493
84.8149
76.2409
72.7611
58.4912
86.5553
69.1906
81.8674
54.9367
80.2063
52.9758
68.4001
75.401
71.6713
20.0606
63.3758
63.7578
62.3661
68.1323
19.9438
21.1875
87.85
64.5428
77.3814
17.6326
77.2414
69.3383
73.8189
71.9194
87.6716
18.676
64.4371
19.271
55.3236
62.9249
73.938
66.0997
78.0182
76.3622
70.5349
78.5391
28.3165
18.4803
70.599
75.3426
40.9699
18.5674
75.4462
20.9688
22.647
32.209
67.5452
75.0325
17.8031
71.463
85.3677
69.1985
74.9674
97.5534
89.2605
18.3358
62.9354
59.1115
68.8418
42.155
81.6036
27.4991
75.4248
40.5366
32.6259
19.5961
54.396
74.6138
86.7758
75.7662
20.3643
74.7354
67.8853
66.7585
36.0623
70.2797
65.7967
21.5437
97.5288
19.1008
65.651
34.4465
18.0859
94.1124
77.1803
46.0197
32.928
78.0981
21.9348
21.0592
18.9437
97.6502
81.861
74.9951
72.5227
68.5079
17.6238
17.3536
67.4016
67.6263
73.28
75.8049
75.7904
71.0509
65.0912
31.8997
43.1584
62.8942
69.5475
24.7742
19.8732
60.8184
68.5314
78.1581
71.6034
53.7113
18.8601
20.3649
41.1167
67.7194
77.7966
34.0447
73.2686
78.6938
30.6265
67.4234
68.0138
17.5963
18.492
63.0631
69.6589
71.0154
29.9384
69.6056
75.2208
52.2835
74.4065
49.5335
61.6823
77.5696
70.8107
78.8702
63.3474
19.8961
68.1332
23.9448
66.5684
66.0177
52.5912
45.0275
74.4964
43.5423
63.4725
67.9866
63.4993
79.4461
79.5128
79.308
75.321
65.6629
34.8184
19.0986
80.2168
86.9243
34.0607
84.9585
76.0278
64.4294
62.5165
17.5448
60.5928
71.2381
76.2281
73.3482
72.5845
83.8883
74.7991
18.9134
73.4529
57.3723
62.5147
87.4621
60.1748
77.6764
73.9014
72.9902
72.5535
42.5241
59.8775
65.9007
65.2955
66.3753
82.971
45.8338
74.1801
67.0787
62.0808
68.3595
91.3914
18.7799
82.9572
77.5755
67.3546
72.7698
67.4329
77.1737
83.1356
74.0675
49.1279
37.5316
66.0074
58.0244
18.8833
70.0191
29.4647
18.558
39.3557
63.2943
55.0616
27.3518
79.5222
67.3758
30.7282
39.41
32.1194
70.2869
64.2742
18.5583
70.1069
67.9098
87.3057
58.3015
24.3678
55.3149
72.458
80.0991
69.4202
88.6625
75.3206
73.8309
43.0644
20.0252
59.276
73.1756
19.9006
73.2438
72.2356
65.9993
19.2858
77.0153
38.3536
53.434
53.0722
99.3237
64.8641
17.979
71.5834
68.3083
18.1016
67.112
63.4524
23.6125
17.644
77.0131
19.7568
18.182
66.0484
73.2147
42.6985
69.4176
33.8966
81.9764
74.7884
78.5779
80.0467
70.7481
65.8052
65.3813
19.7177
64.6221
68.0115
65.7006
19.2901
22.4054
67.0984
38.5839
62.3791
31.4111
19.4232
21.8815
79.8528
17.9134
69.7367
78.4507
31.2575
41.7531
65.2234
66.3275
73.7749
21.6072
73.9256
67.7901
60.0084
82.2419
73.5972
55.1261
21.4041
76.0145
65.3476
93.1685
63.1366
39.6413
71.404
81.168
79.6227
71.3067
79.5578
69.899
70.9233
67.5482
61.4069
70.6563
70.4741
60.7844
78.7254
67.2314
57.2693
74.9349
81.2137
24.3583
65.4579
92.4885
25.6398
63.7759
67.9365
67.4545
38.9307
90.9243
62.8125
76.0278
73.8512
18.769
63.3221
64.3564
63.7712
38.9455
77.7266
84.8061
80.2921
55.5664
72.9406
83.071
65.1703
76.1501
18.1709
36.9986
60.9621
17.4925
63.4394
69.2874
27.7545
38.2575
65.9787
19.5936
78.29
67.9416
65.7643
