34.1635
49.1923
31.5021
39.3169
49.4379
48.4424
90.9215
99.5653
39.1774
83.7297
63.3544
15.8928
52.9166
36.2655
16.6556
55.616
43.3942
59.6814
22.2582
57.5963
36.6663
36.8837
70.1423
84.4013
32.3462
70.8289
98.6049
38.5151
47.3701
49.8358
22.5963
16.5537
90.2866
16.4354
57.3002
46.3667
35.2269
42.1142
35.4818
15.6763
58.7929
89.4465
55.8576
37.242
30.4795
28.4902
32.0739
58.4205
92.0683
16.1419
16.6634
16.1389
53.745
44.2762
49.4064
60.3541
56.3811
29.2122
32.7371
41.6197
94.3114
36.5829
50.6359
61.0999
76.3543
68.2181
17.0936
53.6922
59.957
18.1626
16.4885
69.3544
29.9555
45.5413
69.9508
35.9685
69.6805
15.753
87.6732
46.3043
55.6147
18.5994
15.2515
39.6354
37.4629
19.0234
37.4175
30.0105
49.6959
46.8785
68.3514
81.534
69.7213
33.1588
34.1831
15.9389
30.1453
25.7052
16.2065
69.8492
56.4345
16.5344
52.8832
49.0975
46.7225
52.4314
15.9163
16.0917
16.7439
41.7243
15.2343
24.474
17.436
16.9606
77.487
28.6574
58.0237
43.9174
15.7775
51.6305
39.5997
39.3447
24.0911
90.8149
104.587
16.2661
31.568
87.8286
28.0357
45.2337
40.3748
25.2725
16.7646
37.5029
32.7958
78.6922
18.5891
27.1216
69.637
14.8916
28.7993
39.6396
32.1771
78.7693
23.0701
53.8376
93.9587
85.8939
43.7014
24.0765
53.42
55.6823
71.3845
92.7235
38.2078
16.3019
30.8585
79.2967
17.1939
48.5936
16.263
16.7247
47.52
24.9355
34.4016
31.8961
20.3152
16.5434
24.2671
17.3516
16.1187
56.6888
47.5487
50.6802
18.0249
85.8065
15.6082
48.2693
17.3141
16.1595
18.5263
15.5342
35.9911
70.8251
18.3026
39.1039
49.6904
17.1587
15.8985
38.7713
51.7148
36.2565
57.8778
22.1992
16.6381
31.2179
77.9398
20.4879
69.7255
18.4747
40.3121
40.7988
73.218
48.6936
16.568
37.4763
16.7997
57.8422
63.47
39.1355
54.0511
46.5498
46.4936
22.2189
47.1622
16.7786
34.4714
14.9084
44.1608
25.9051
16.264
24.6128
41.7388
23.7595
16.7785
55.3072
83.5273
20.7559
47.0157
37.8236
43.4449
35.8548
51.3222
55.559
19.7327
56.4115
37.6924
38.8694
15.4261
15.1236
42.1282
32.3094
15.2397
99.6949
70.9187
49.0106
49.1381
30.9322
18.9812
30.0401
15.5418
45.5362
81.7226
34.545
34.2729
72.5775
28.694
20.8874
39.0127
30.8399
15.9159
23.7887
50.3411
82.0239
48.2835
58.983
35.2857
16.8058
72.7754
15.3137
69.3191
73.7184
58.0605
36.5944
78.9937
30.0075
70.0756
27.577
17.0935
45.6512
58.9056
42.366
16.6541
18.4655
26.4983
48.214
63.0674
78.9212
51.8362
16.4584
77.5469
84.8082
17.3561
51.6599
17.662
27.8627
15.4213
73.3869
37.5296
99.4047
32.798
16.0304
60.7553
68.2001
41.8427
75.4087
45.8466
18.0217
16.6056
43.0584
47.7075
36.0736
16.1275
31.2735
35.2719
55.0306
44.5371
38.1193
26.271
103.792
30.6543
62.3816
16.9799
34.7705
24.6102
70.6385
29.6033
45.7908
68.1759
56.5677
50.5249
16.556
58.4783
16.2487
38.4642
16.7637
24.7057
57.8209
19.1274
15.4462
73.9005
32.9727
17.2608
48.1226
54.2345
93.2925
31.3776
26.6516
57.0785
19.6031
25.4351
100.375
58.604
16.9895
30.6839
50.8079
27.8754
16.3387
72.2561
39.8866
40.4058
18.1356
15.1835
30.5847
16.0203
16.0746
77.2801
42.2038
24.8706
31.4959
26.2961
43.471
44.4852
72.7481
14.5341
15.7073
34.8522
28.1645
15.5822
16.8706
18.5934
17.4608
43.0488
35.6163
39.9069
50.2623
69.4686
16.3192
40.5455
60.3625
78.12
61.9421
35.7399
51.0337
56.7191
26.6381
47.236
15.5259
44.6808
42.3778
33.983
45.4213
49.3385
17.5727
26.6754
54.8534
21.3953
15.3197
74.0776
15.3356
52.933
17.6003
59.1212
21.4719
46.8945
41.9026
54.5973
71.0722
84.0442
16.8469
69.6112
16.5171
43.5439
49.2765
36.4444
33.4333
28.149
17.7197
42.3268
37.3631
60.9443
60.3085
80.2124
41.0403
37.3278
19.9745
38.9073
45.6463
46.3597
16.5655
38.4057
45.9438
52.867
95.5025
18.6363
38.7175
32.4506
56.6183
37.2429
63.8352
41.031
37.6924
92.6149
52.3759
19.7864
29.5515
29.9286
16.6448
16.5725
17.8677
15.5618
37.8569
29.0446
23.9141
32.58
34.5645
52.2379
42.6736
24.191
54.2623
46.6453
80.9544
14.9693
46.1363
16.5461
103.696
35.1751
17.5306
44.7045
85.6862
61.9514
45.2689
34.0302
45.37
15.7387
99.2198
22.8252
16.3333
15.1082
45.7347
38.7834
67.511
40.4041
26.9282
80.193
28.7911
49.0514
37.5516
26.1449
53.1874
45.1321
14.9968
45.6996
32.6959
23.2338
62.6943
73.9518
28.318
24.6668
15.504
72.0825
20.9831
89.5047
15.3311
49.9682
31.0826
17.4907
52.6498
17.9747
19.3159
22.3596
19.6179
54.6621
33.3855
15.786
49.6983
14.9996
27.0948
42.5655
26.156
16.4518
27.5094
71.4052
28.5503
34.4711
35.1543
71.0562
29.8593
22.2689
68.3467
49.8589
18.5185
94.7977
18.1081
49.6932
42.9742
38.3456
46.0056
15.9409
45.5032
56.558
21.5788
23.2499
19.3365
21.5627
69.2848
28.2372
19.3742
44.2217
75.0478
14.8509
16.8821
78.8552
51.6672
49.3319
50.5076
72.7831
51.0956
39.7334
35.0955
23.0172
59.4809
56.7604
81.2693
48.4255
16.8982
22.2043
67.6672
47.2047
53.6537
38.5895
51.9108
15.2764
91.3576
19.0046
54.3582
31.7187
52.4814
38.2087
30.8234
40.4713
21.974
31.7693
31.7596
59.5915
36.1289
50.0627
82.2616
52.9513
46.4959
19.5399
17.7571
15.5621
16.2581
40.0944
44.1026
48.137
40.1186
62.1723
60.1064
20.5885
70.5903
16.8637
15.8449
69.9942
48.644
26.7382
26.8418
71.254
17.0272
56.9906
34.4874
56.4118
60.2745
45.1966
23.456
38.3403
18.3294
54.0436
17.6313
17.3368
30.3003
15.8736
31.8248
42.4088
43.5681
22.6155
46.9302
15.1609
30.4398
17.8993
16.2248
16.8342
42.507
41.4261
61.8483
86.8167
18.5101
51.4139
46.4536
39.2927
33.8912
34.4588
42.8285
36.5626
23.7136
56.5569
16.8897
19.7268
17.8153
17.5156
77.1754
19.5102
29.366
44.3857
38.99
47.203
69.2077
28.0599
53.6309
57.4842
16.327
16.111
53.1732
22.9148
73.6672
14.3901
29.0429
27.2069
24.4523
16.7026
54.133
33.5332
36.4738
18.3077
35.977
28.4776
57.4829
93.7968
38.309
16.1415
63.5874
19.1364
46.8586
39.3999
20.196
68.7125
18.9272
16.3307
29.6079
42.97
17.8706
39.1223
17.2713
32.2771
29.6512
15.9003
16.2586
16.716
81.8773
71.4481
30.9686
60.6268
31.4432
14.6935
27.0577
56.2506
50.4456
54.3054
19.0746
14.9964
26.9811
49.2627
18.5497
33.3854
36.5376
62.3846
42.0426
52.663
30.0903
15.6155
25.2206
30.1033
17.3746
23.4491
38.7117
41.3294
26.4473
29.9409
22.9721
76.403
74.6352
26.7947
59.8947
58.0711
47.2991
33.2892
48.6747
32.9251
39.6815
20.5044
73.3063
29.3702
15.4703
98.6527
37.0202
46.05
50.7641
35.8721
39.8974
74.1959
60.8553
66.0112
15.7096
18.508
68.5539
49.3928
35.3395
39.4164
36.8836
50.4163
112.698
38.849
14.7578
40.0059
43.1334
80.4762
15.8025
34.922
30.0328
16.9729
29.7106
36.159
54.1131
44.7968
46.8264
16.7619
45.6134
83.9069
90.6503
45.4869
46.3211
16.6511
41.1093
42.6289
24.3832
32.3015
28.8349
56.576
27.0646
17.3369
44.1551
34.2947
82.44
58.7252
20.0852
55.9638
58.5067
16.6737
15.7606
35.6073
15.2638
53.8546
99.1565
37.6135
27.2827
58.3918
76.5963
71.6519
46.3576
16.3979
50.5803
45.5442
74.9096
77.2629
27.5059
37.5342
68.4037
29.9045
42.3909
76.3405
20.6012
29.8279
86.0228
68.9756
39.8521
16.4904
32.3394
22.5817
69.2315
17.4236
26.6418
87.9126
51.0801
74.9669
16.922
57.4758
16.2466
20.7466
33.4336
21.4892
26.6598
42.4195
15.8165
50.1214
56.276
83.3906
63.5105
40.9374
71.5634
82.5341
63.7954
73.8293
59.5056
18.0522
68.824
86.4892
20.6673
42.0613
34.4918
36.7048
51.2774
29.4513
52.2493
39.4054
61.0417
26.584
16.0165
20.8058
42.3818
15.5582
37.3546
24.7303
18.6491
85.747
36.3961
45.4449
27.5711
58.065
53.7078
47.2923
40.7802
36.3882
16.047
16.4914
75.6913
70.4723
16.7458
30.7237
89.8041
16.317
50.5091
33.7282
15.5631
15.0998
23.0879
54.7925
17.4739
53.9795
57.6331
15.1359
54.1983
21.176
17.4295
55.8783
92.5122
15.9075
59.2396
28.4902
28.159
20.0379
28.0069
18.5816
33.417
30.2429
42.752
22.9647
43.365
42.0482
41.6187
51.0291
14.9223
29.7559
68.1835
59.5236
14.8438
56.8273
40.3968
32.1158
23.4566
16.6342
70.7726
48.7591
80.9903
88.2087
45.2791
31.8837
15.4952
58.4212
68.2369
40.6875
72.0559
15.7084
55.6703
48.3106
38.0043
39.5972
24.0369
74.8526
46.0708
16.8423
76.3142
27.1875
68.7776
51.3971
34.8393
70.316
38.8671
26.1797
15.8732
42.6154
15.7481
50.9875
14.8218
72.0865
36.8361
15.2102
26.2094
56.8982
17.9565
28.3492
15.1406
44.1416
27.2127
31.6237
24.8643
17.004
17.011
59.43
29.1572
57.646
16.2784
40.7154
36.3393
32.5495
45.9696
43.3618
52.481
50.8104
48.2184
