23.1513
12.6025
14.6255
12.8111
41.4894
13.5102
12.3483
50.0645
22.1964
15.3903
15.2598
15.0584
19.2948
13.0648
12.7423
32.3614
13.8642
33.986
26.7812
21.0268
12.7407
14.8005
12.5286
14.5029
31.8984
19.5877
12.6839
11.6409
12.6446
14.8352
19.6359
14.8576
17.5919
24.1372
12.4773
14.4455
33.6207
12.6527
27.2022
14.4309
23.7419
12.7569
14.1491
16.4119
13.8575
13.5056
25.1768
13.0227
32.7707
23.3338
15.8199
32.0467
18.2855
13.722
17.958
14.4718
29.1471
16.3496
20.1813
14.7725
37.3689
27.1257
16.286
21.0114
12.6533
32.8909
12.5271
28.4108
29.7859
13.1906
13.2413
34.9999
23.1221
12.6827
30.72
27.4638
22.2457
14.7694
16.786
12.4128
35.3801
29.5034
15.7778
13.7876
38.5923
17.282
14.8227
16.9315
23.3403
13.5147
13.1363
14.3418
23.8124
29.5479
13.1593
12.7711
12.5282
15.8468
13.7339
15.1347
27.5837
12.6001
15.6802
13.8216
14.8743
32.5123
13.0097
35.4615
25.7505
24.969
13.2902
22.9437
13.0599
19.4112
12.5782
15.7362
13.0766
27.8088
24.631
13.7782
15.0574
22.3105
23.6781
29.7113
25.5875
19.0163
18.3588
25.6331
13.6043
17.2429
25.5044
29.2925
24.7812
14.9421
15.0118
21.0635
20.0489
12.787
14.5397
24.4209
12.8967
25.7979
13.5703
15.6866
12.8338
14.0068
15.5095
28.7453
14.6728
23.5227
25.6014
26.0504
13.1938
15.131
15.351
36.3821
20.7198
13.046
13.9452
34.3244
13.1082
13.3778
12.7525
15.5423
14.3667
34.5318
13.4065
17.8035
14.5793
35.9004
25.5828
22.1114
16.9195
22.1431
13.3048
15.7048
18.1545
29.5396
33.6395
31.465
27.4032
12.7605
16.8753
29.2605
12.8739
14.866
12.3991
18.6252
29.0843
14.5379
14.1744
22.1634
13.5809
25.5796
12.2685
31.9064
30.3979
14.3003
45.1646
11.898
22.5793
13.6407
14.1994
21.6207
21.3697
27.1581
15.1715
34.1705
21.2822
26.3533
12.8896
14.6033
30.4221
14.527
37.3894
34.5173
13.3959
16.3195
28.4747
13.5431
18.1301
29.7314
32.17
14.7608
13.3856
14.1382
13.5198
18.0694
19.7857
18.7103
21.4055
14.0628
17.5002
18.5643
14.3383
14.0473
13.4937
22.8479
12.7314
12.7717
32.3314
14.5687
16.1827
39.6829
17.2838
12.8565
23.7162
25.7282
28.9234
22.8701
13.5239
27.1275
38.3307
27.6353
32.5251
12.2871
22.5606
12.8779
12.9042
30.707
14.0294
26.9348
38.2327
37.1966
12.0964
30.113
22.9416
25.6269
22.3921
15.2353
26.0948
13.1096
12.5455
40.5006
24.4535
16.1794
12.78
13.3342
12.9774
16.6052
13.5944
18.9001
13.0513
13.4689
13.9346
15.1835
22.1105
13.1853
14.3949
29.3307
13.5859
12.8105
15.138
11.6311
26.6546
14.5597
12.9807
13.2347
30.6962
12.9496
40.6762
16.5751
12.8075
30.5662
14.5055
13.2217
12.6606
22.3554
15.0783
15.5075
14.5578
15.8989
13.5849
14.5119
31.7535
14.7641
12.0349
39.7533
14.4018
12.9977
12.7374
24.3598
12.9478
29.4519
15.513
12.7858
32.2407
11.9399
27.4602
20.3908
29.0542
14.0432
14.2551
23.2422
16.0725
12.1044
12.6611
36.2728
29.3819
26.0381
18.7575
11.4344
15.401
14.3616
15.6135
13.2518
15.0396
13.6065
25.3856
13.947
12.9234
22.7356
25.0423
25.125
41.8477
13.903
26.8503
45.2672
22.7814
25.0989
35.0907
14.9501
19.1027
47.4828
33.8947
42.1989
12.7828
13.8225
33.6632
13.8641
29.8985
18.7277
12.3986
12.4487
14.3387
21.8562
27.575
14.4283
16.499
13.5381
31.0372
36.949
13.6108
31.2122
14.0884
12.9204
27.8217
32.7461
14.6302
17.5631
13.2834
13.6449
26.797
16.0771
25.5696
41.4575
31.6292
13.6018
13.7411
15.3317
16.5494
35.5903
21.0941
13.9456
13.0187
19.4131
11.745
13.9224
31.6195
12.8773
32.6041
14.3254
12.9153
16.7349
20.1173
12.9954
13.8454
18.3036
21.6244
13.0922
14.7395
12.7627
12.1582
12.4656
20.1094
31.7742
15.5604
30.6011
16.8194
14.3869
13.0252
12.7237
14.1458
14.9422
12.3518
20.7577
13.265
17.6996
17.6813
13.0035
12.4697
26.319
13.8101
17.2944
35.9419
32.0762
14.0693
12.6582
15.2508
12.9077
33.2134
26.7379
20.0216
12.8654
17.1418
13.8899
22.227
15.5112
23.4815
13.6401
18.8874
32.2679
14.1513
21.1201
22.0319
13.1061
19.4462
13.3884
18.8379
12.3778
13.5538
12.3708
12.247
21.2415
43.2976
12.2947
40.6812
14.0587
12.8627
12.6612
13.8194
26.594
16.6181
14.1977
28.191
32.6615
33.0334
13.2789
28.5144
21.3036
12.2328
14.4621
12.5375
11.9733
12.2525
12.5149
50.6615
29.8696
37.4964
25.9209
47.698
21.2427
15.4747
13.2421
30.2538
15.844
36.4404
37.1074
19.8746
15.9236
25.8701
26.6162
14.1508
22.3211
23.0952
14.1595
15.0456
13.8775
16.1122
24.4316
30.4106
13.2825
29.5087
28.9118
12.77
12.6847
17.4528
20.8964
33.4223
18.3107
14.1268
16.8453
14.1162
34.832
41.2606
14.9149
13.4346
15.2943
35.3681
32.9417
13.052
14.4702
14.6252
13.4372
12.4072
31.1192
13.8444
20.1383
33.6588
12.9702
44.7986
30.1159
28.1859
15.4486
14.961
16.0971
27.9193
13.0847
12.702
28.8393
14.603
14.051
13.3933
13.4698
13.0101
14.9443
13.7463
27.5801
13.7858
15.4962
27.2071
43.562
23.392
13.2722
28.7673
12.3035
32.1733
15.4864
24.3575
12.7139
31.9374
12.2278
14.0058
12.6216
15.227
42.4521
13.8897
14.1111
36.549
16.7924
12.3729
29.8364
16.3059
14.7661
29.936
39.6097
42.0358
15.4417
16.1535
16.1691
29.4038
14.9641
41.3544
32.1578
13.1098
13.1847
13.1553
12.9488
15.5847
20.5187
12.8656
31.2455
12.0958
12.5998
24.0813
19.8591
12.5054
28.2464
13.7539
34.7277
12.9197
24.9183
27.6678
13.2049
36.101
30.8676
14.9303
17.2638
14.0011
28.546
15.5023
26.1737
17.9561
15.1783
31.9245
22.0772
28.8942
13.4063
12.4369
15.4727
13.8655
14.8654
33.2565
12.9786
16.6947
15.4582
12.1346
16.0552
33.6117
13.5259
13.5828
24.1758
29.3827
12.594
13.9977
13.0545
12.9988
27.51
24.0758
14.1475
13.9614
21.127
13.0276
29.406
14.1939
12.9359
24.6227
26.9055
12.3799
13.17
28.1429
12.7676
21.1287
13.8035
12.7904
27.4147
40.5402
12.4385
15.1787
26.2518
12.3306
13.1639
17.5219
14.4946
18.6532
46.485
21.9306
15.646
15.7888
23.07
17.0673
24.6951
24.6923
18.276
21.252
14.9778
13.7252
26.5156
18.0174
26.5418
13.5626
14.7148
13.0122
15.1093
13.1545
14.6903
13.3387
26.1998
22.9699
28.0209
28.7224
14.1245
15.84
14.0504
38.7305
13.9862
14.6392
36.3133
12.5141
12.8696
37.2159
14.5718
40.0343
12.4043
15.2804
12.3883
32.5809
12.5742
30.8582
13.8151
14.9009
41.5477
13.2474
12.4324
22.7322
12.1458
15.0209
21.4549
26.1303
15.1307
30.9741
40.01
12.8846
17.6949
39.0094
25.0145
13.0502
20.2989
36.8291
27.1928
20.2322
39.9879
12.761
14.428
38.5403
11.6678
26.6449
36.9701
30.9102
31.9601
17.3087
13.9466
14.7942
12.8613
42.906
27.09
21.9099
12.853
14.2696
13.5093
40.7655
37.4687
38.9412
12.6361
29.684
27.6716
14.6663
17.8097
13.3191
21.1233
12.4219
12.6708
13.7026
14.4999
29.8246
14.1037
38.8057
16.811
26.6267
36.1959
27.7762
20.8733
12.2343
15.5199
15.2587
13.0764
14.9887
13.7382
32.9862
12.6202
15.0719
12.6198
24.9108
12.3713
15.8123
14.1214
14.1147
33.2975
22.0982
13.9245
12.6064
21.1524
31.4837
14.8068
12.9361
19.9496
13.9971
14.436
13.2833
35.1846
14.3807
32.6925
25.0521
20.6623
32.152
19.2338
19.7538
27.8811
38.8349
18.5208
38.375
22.1407
19.8792
25.3839
12.4214
14.6618
18.7379
32.028
14.5735
14.5481
19.2788
12.3132
17.7249
30.1538
37.4525
34.4852
12.8269
14.9481
13.8378
11.6806
14.3405
15.323
17.9711
33.0558
28.6625
12.5012
11.7479
22.3153
15.8415
18.1554
24.4482
13.5647
13.3006
13.0225
12.5148
12.8578
15.0696
12.9075
33.9067
24.3504
46.934
31.4045
29.1193
17.5793
30.1733
14.7477
15.0756
45.8858
13.1622
25.259
14.9132
14.3473
26.236
11.8913
13.1673
12.9258
34.9575
11.946
20.7354
40.1444
36.126
14.6055
16.2966
13.9492
12.6098
13.2843
15.7113
15.1691
14.3319
14.1298
31.6941
12.9664
28.2042
21.7649
13.3419
20.596
40.7403
12.9099
13.815
29.4661
15.4227
24.3866
13.1769
13.7285
42.5954
18.4332
22.3952
14.8988
22.7306
15.1885
31.5986
17.8096
13.8543
33.8413
33.9787
24.4152
13.311
17.5824
28.2038
23.5613
12.3972
26.3996
17.4941
36.8269
15.7408
15.1463
21.5337
13.6256
23.7855
15.8088
12.0647
16.8215
25.7143
24.6652
14.2544
22.5479
31.3352
27.0451
28.8154
13.0976
30.3942
14.6256
30.4304
23.768
13.8882
32.5357
34.2617
12.9732
20.0308
26.8299
32.2741
13.7653
19.3539
13.144
18.0145
13.8773
15.0902
11.8172
25.179
20.1876
24.6444
37.7055
29.3825
22.5556
14.2233
14.1198
15.363
12.233
12.7944
25.5159
14.3667
12.4149
24.9633
23.5945
14.0879
12.7103
13.1319
22.0841
35.1718
15.6255
12.9234
13.5072
13.8964
13.2579
11.8321
15.911
28.8416
36.4847
37.5849
42.0651
