12.7089
16.4236
13.1933
25.6445
39.5024
16.7937
16.1167
18.5436
16.0329
15.1373
38.0123
12.2168
13.2818
12.5226
13.4091
17.0171
14.4218
12.4568
13.5883
14.1754
30.4608
13.1266
11.2287
18.3319
16.1621
12.3577
18.6187
12.8858
14.187
24.2878
12.2494
12.1825
11.7628
12.342
12.7807
19.1872
14.7041
28.8157
21.4897
13.8449
14.4703
12.1137
12.2626
30.9397
14.593
12.0592
11.644
30.2166
22.5535
11.7379
12.4502
12.0431
13.3024
26.6722
16.2401
14.8987
14.8836
14.5234
13.9248
24.8856
13.1016
16.0595
23.9734
34.4434
27.4035
13.0211
12.4014
38.078
14.1077
32.8025
33.9705
16.4618
26.4893
12.6963
13.9715
22.3036
12.2494
14.1284
14.0907
15.7964
12.2412
12.9513
16.5963
14.6176
12.6137
12.3534
36.4783
20.1861
14.3232
12.766
14.4964
12.928
12.3631
13.3766
13.7863
25.2809
17.1523
13.585
28.1746
12.4647
12.6092
12.0974
11.6053
14.0889
20.0361
22.0068
15.4855
12.2316
15.2108
13.3916
24.3642
15.4318
13.195
32.4272
15.6204
20.1077
15.8849
15.058
12.7906
26.3649
20.4873
21.8656
32.2704
21.5559
21.0354
12.2233
12.0538
13.1085
29.7005
14.5838
18.4251
11.6771
20.2559
14.3918
21.104
14.7504
29.2448
26.0883
14.5564
21.309
12.6079
11.9133
22.9011
12.507
23.4874
13.5738
21.0001
13.0642
12.6815
12.2127
13.3229
33.9086
19.4944
19.9314
14.4366
17.7283
14.8501
31.3116
12.5253
13.0938
19.4159
15.8122
12.2042
21.2386
12.3149
12.2697
22.4379
14.2793
16.8474
15.723
32.8497
17.3785
14.1229
17.3195
15.0695
12.904
24.5819
16.4341
27.2145
12.9165
24.8343
25.167
12.4658
21.0162
20.5958
37.1268
14.6928
26.5464
31.1073
13.92
31.2547
13.1042
22.6787
13.0021
11.9278
25.9639
13.7957
13.3747
43.2364
20.4789
30.0251
13.8287
16.0211
18.2914
20.5788
22.6058
13.5445
19.5676
30.731
19.6501
12.2177
14.8126
13.5592
13.2779
21.0642
13.4981
16.6186
37.8791
29.8677
13.0569
26.6605
36.2115
14.0264
12.744
14.6009
12.4536
13.8308
14.1404
20.439
12.5219
14.2992
17.7283
13.4107
13.764
18.7975
13.0859
19.6552
24.0491
15.2932
15.4127
21.0137
14.308
14.0268
17.0184
35.4957
12.3155
12.4961
24.4076
18.8708
13.1884
19.5201
25.8132
24.8008
14.1678
20.3083
28.3689
12.2583
11.8038
25.3058
12.4935
27.3771
33.0271
16.32
22.2558
34.1179
11.5342
16.2079
22.4261
23.4323
16.5474
21.8515
12.6007
12.111
31.4724
12.7757
25.4922
33.0197
13.201
13.2268
12.8167
13.1035
13.4581
13.5175
31.8621
12.6338
25.9978
14.116
12.7077
14.5901
18.0461
26.5273
17.0896
13.5221
13.0925
13.153
12.632
12.3132
23.6002
13.1218
11.8393
13.9767
27.3382
12.2201
35.5772
12.9271
12.348
17.8458
27.7844
15.2802
13.1672
11.9299
11.8956
26.8468
13.0956
11.4064
14.5946
22.2695
14.8147
12.424
29.9186
12.393
15.5132
22.6074
29.6648
14.993
12.177
29.4205
11.6666
12.6258
22.8375
19.5211
19.585
15.2404
13.7037
28.0733
11.9658
12.9271
15.2416
14.4534
11.0523
11.9401
22.7062
15.9647
15.1669
13.0227
19.728
12.7659
15.2567
12.5506
19.9445
25.6066
13.5639
38.8965
20.8472
42.0801
24.4709
32.3296
13.4315
21.9226
23.5208
23.587
31.0611
23.3749
14.7263
12.5729
44.0688
14.6576
13.6875
18.4299
30.2584
24.1605
12.6126
12.0334
12.041
14.7827
22.5403
14.0576
23.137
12.9523
11.7635
33.855
25.953
24.8605
12.1713
15.8814
29.3603
14.0507
13.0338
26.9145
14.5303
12.0386
12.728
21.0521
29.3729
13.7231
12.0002
12.3018
11.4723
17.5547
14.8609
31.4402
13.3407
17.1856
13.9083
13.2615
19.3127
12.5989
26.6196
11.4905
29.0667
17.0428
28.4419
12.9499
12.7175
15.3405
12.4333
15.0203
12.9984
13.8919
16.5889
11.8582
12.6281
12.3927
25.5751
11.828
26.0521
14.7484
19.6336
15.7298
12.2683
13.1678
12.5057
12.177
12.4775
16.6718
11.8843
12.7595
17.6422
12.7989
13.7151
12.4146
16.5977
12.0188
15.8772
22.5264
20.6929
13.3753
17.3104
31.1062
12.3989
29.9745
13.661
12.034
16.8904
11.1067
12.1473
26.7111
23.5502
14.3679
16.9789
27.7447
12.5628
32.1268
14.4191
12.9301
12.6954
14.1663
19.7213
18.5634
12.0133
12.7592
13.2723
12.66
11.9518
11.9866
40.3222
13.6922
34.4953
12.2767
13.3018
21.9272
15.9768
14.081
12.2043
31.0962
12.9619
23.9188
21.3257
17.4325
27.4162
12.4134
11.7605
14.6847
13.8755
24.2647
11.6813
24.2323
11.936
14.4944
12.369
33.3128
19.7578
30.4128
34.3671
46.1303
21.447
15.0317
27.7585
22.6988
32.7553
16.1959
14.1258
20.6677
16.6312
18.9052
14.6836
15.6953
15.5406
25.5634
13.6225
27.2587
23.8055
12.8052
29.9998
15.8089
15.4107
12.5968
14.4447
35.904
13.6124
13.8641
13.7546
13.1445
37.6918
32.0168
12.8845
13.6803
14.6279
30.0839
29.1196
12.3947
12.8406
14.2876
11.8217
13.4569
13.1244
14.1896
17.0195
27.9805
28.7005
35.4015
26.3504
19.3497
14.3237
15.4856
14.1042
35.7915
12.6755
12.3209
13.1109
11.8397
17.9648
11.4145
12.7298
12.7596
14.5861
12.887
20.1183
18.1709
14.7475
24.4309
35.8959
29.1952
13.0074
26.3586
11.9567
15.0028
30.6919
27.5458
12.3258
12.9392
17.2515
17.0766
12.9516
13.6341
12.4607
15.0181
12.6491
13.5295
29.9783
14.3713
20.0136
14.3304
14.106
14.6852
15.4591
23.9109
27.1021
12.9231
39.1388
12.4252
15.229
12.8674
13.5089
15.1107
12.453
14.6001
11.6281
29.5043
12.7785
13.171
12.3243
30.2256
12.7415
23.7736
13.481
12.232
25.18
16.207
15.1687
25.3887
33.0451
14.7964
32.1089
26.0262
13.5807
22.938
12.6779
26.8186
14.5908
12.5899
27.4507
24.0115
24.9859
12.1335
12.9059
13.3582
27.8444
30.076
12.7648
19.0614
11.7216
14.4289
19.5773
15.6825
14.1705
13.2446
12.4033
14.3262
15.1261
11.9944
31.5198
18.6501
12.622
13.7161
23.6617
13.6572
12.7478
13.7026
18.0242
13.7362
12.6173
14.553
24.9118
18.6407
21.1649
27.2601
12.0404
22.3067
12.6374
14.1553
22.6606
13.4231
25.2036
16.2316
15.0815
12.1916
25.1909
37.4475
12.6922
12.0967
13.4675
23.8205
42.2118
12.6141
14.1885
13.7803
15.6157
17.0138
17.5801
14.7675
22.0229
19.4795
18.4755
16.9311
12.1205
21.4669
25.7022
14.5415
16.5208
12.5804
13.2556
14.6525
12.8136
13.1323
13.4604
12.9906
23.2976
32.779
14.6521
13.708
18.1087
38.6132
12.8468
14.1092
14.1639
32.815
13.8305
12.5882
14.8598
14.7756
22.1483
13.5171
13.8852
12.2187
13.0708
33.1311
11.9377
18.9001
17.5725
12.246
11.8949
14.3839
14.8244
13.396
42.5998
17.639
12.8589
20.8371
12.8791
12.8128
11.5834
29.9532
16.161
12.3642
21.8572
29.0248
13.7921
12.1479
35.8998
12.749
18.3738
23.3266
12.1259
15.9165
20.2635
14.1897
27.2833
12.5322
11.3247
16.5752
12.4956
18.038
24.955
24.0132
26.4982
13.7992
23.4607
33.4532
12.326
12.6184
35.6309
14.776
15.3343
25.9301
12.7964
24.4839
15.5381
12.0822
22.8468
25.9821
12.6331
44.7544
12.2386
31.6646
15.1819
17.0468
16.129
15.1009
23.5752
12.6693
16.4392
12.0161
22.6759
11.1109
31.1169
25.5185
22.4807
32.083
11.6469
15.5848
25.4024
30.6414
14.4092
12.4819
11.9953
31.8954
26.9434
12.1574
17.1909
25.6609
11.8079
12.8767
19.4625
12.6235
20.5471
11.8337
13.4525
31.5974
12.783
35.843
13.8962
23.0744
13.7518
29.2979
23.6774
14.909
20.3299
16.1284
13.2026
25.2914
11.8567
19.207
11.9103
22.1264
13.9327
11.7259
28.8411
14.2899
14.0108
14.0753
15.0453
11.9092
32.8786
24.944
30.6477
12.206
11.8558
14.9272
13.0953
11.4254
15.619
27.914
24.6393
11.4005
27.5547
12.1597
18.393
18.7855
13.9001
12.5358
13.5529
13.0519
12.8528
14.4921
12.6929
13.7375
12.516
22.0457
12.5186
28.4812
44.1633
13.6957
21.4087
27.3216
16.4799
40.232
14.7201
19.9026
12.5303
15.3295
21.6328
12.9313
13.8399
11.476
12.6776
18.9206
19.357
37.0379
14.0726
30.741
14.4463
15.3868
20.9247
12.2027
13.7277
31.4286
35.6855
26.0033
12.8595
13.5316
15.6885
12.8777
37.3098
12.2425
13.2222
28.9727
22.8782
12.5956
20.7969
12.4277
25.9379
24.154
21.0105
12.1145
33.3837
17.5023
14.5292
27.8085
13.7401
14.7743
13.6597
25.3099
23.966
20.8376
29.2254
30.0821
15.1157
25.4735
11.9514
21.3734
18.8836
21.3673
15.5797
33.7165
22.8995
15.1764
17.7371
11.6665
13.3108
16.5366
14.7521
31.7209
13.8755
18.8722
13.1829
19.7824
26.2007
21.822
12.59
12.4012
27.2659
19.8655
26.2749
13.7528
29.7309
12.8622
23.6896
30.8541
31.5546
25.0584
12.7693
27.5181
15.6646
13.0678
14.124
23.8198
17.3683
12.5936
24.9154
11.6053
21.1862
18.5128
12.726
33.7132
11.6097
19.5925
21.3853
13.7332
20.7927
12.1594
13.823
13.0447
17.9108
12.1437
25.1483
13.3041
12.7907
12.1264
18.4243
31.9072
14.971
14.956
12.5428
11.4974
15.6481
13.5443
33.1859
35.1498
43.641
