14.129
12.2714
11.4954
11.7653
18.4954
12.6507
35.8434
14.2917
26.9613
13.7959
16.61
12.4535
17.34
11.297
12.2094
12.6075
10.9271
20.1309
14.5037
10.9919
11.6562
12.8678
11.9898
12.3399
14.0261
15.4345
10.8505
10.8681
14.9059
12.0023
12.8044
18.515
13.2134
11.8461
13.2586
12.0608
33.7596
11.7554
12.1347
14.3816
15.8199
12.2983
14.0425
11.9955
28.1836
14.1751
11.2113
16.695
12.624
13.4635
12.7828
17.0103
11.7689
13.9985
15.3631
14.0919
11.9568
12.8339
14.3568
11.6122
10.8404
11.8828
13.1002
12.0828
18.4622
12.4003
14.8254
12.4111
12.2502
11.6037
13.5056
11.4798
12.8765
17.3554
14.192
15.2824
11.7631
19.4308
11.6828
12.1316
13.021
14.9639
11.8025
12.1127
12.9702
12.8859
11.9289
13.7365
12.1562
12.6919
12.5016
15.0124
14.0384
11.9295
11.6563
11.674
12.3662
11.7056
14.8099
13.8128
11.7776
12.8519
14.5258
11.5865
14.98
20.3469
11.4336
13.6344
13.0414
11.9099
12.5
10.9385
12.7637
11.9489
11.9247
19.6197
12.6793
11.2654
18.923
12.0034
12.5487
12.3385
11.8887
16.4716
31.1592
21.4137
14.9819
11.1184
12.5783
12.0401
16.4501
12.5326
13.9929
12.6861
15.6652
14.1506
14.1905
12.3922
11.6099
12.621
12.2293
14.4025
12.8664
18.0529
12.9978
14.1485
11.1626
13.536
11.839
18.439
11.6673
13.2492
13.1065
12.4197
13.0463
11.8254
12.4338
17.7858
15.5664
13.072
11.302
11.8251
12.0718
12.0074
12.7119
13.2056
17.9874
14.6583
14.0075
10.8352
11.4831
21.1959
15.2227
12.2648
12.5817
11.3431
19.0856
13.5463
17.071
12.8445
20.6398
11.3133
12.1946
13.3393
11.6385
19.8464
13.0175
12.2124
12.218
12.8832
33.1811
13.7533
11.9097
12.3677
13.369
13.1599
11.522
12.4516
12.3113
11.1086
14.6432
13.4396
11.2504
12.1405
11.7147
15.9249
13.2751
12.9681
12.8487
14.2205
12.5187
12.6441
12.48
13.1081
27.3787
21.07
12.6409
11.0801
12.1034
13.9022
13.0226
13.618
19.3199
13.3724
20.5014
12.5718
13.4044
15.3977
13.1846
17.431
11.7889
22.4006
16.4299
13.4499
12.0218
13.9249
11.2954
29.0742
11.9585
15.4729
12.436
12.9166
11.3218
12.6966
13.1592
15.1239
11.39
22.7714
12.2287
13.6351
11.4611
12.8495
15.6436
12.1483
11.5768
25.8414
17.9605
22.8489
15.2545
12.5238
25.3946
11.1514
12.8364
12.1484
12.6053
12.3317
11.9849
11.5597
16.8916
15.7486
12.2797
15.5395
13.1547
11.6261
20.3181
11.6649
13.0053
12.2584
11.9229
11.9742
12.635
13.1705
11.5801
15.1456
12.2243
13.096
15.2
13.3796
12.1614
28.6529
12.3339
13.6223
15.8096
14.9145
18.6693
15.091
11.7396
12.7444
12.6757
12.7717
12.6095
11.8222
14.7783
12.7811
13.6032
13.8087
42.7954
17.5096
32.3868
10.6417
11.8274
14.7352
18.9002
12.1813
11.504
12.7463
11.8093
11.4152
11.4942
11.9921
15.5207
10.5163
14.4317
15.1897
13.9865
12.0283
12.2382
13.3576
11.6681
23.3714
15.3981
14.6264
14.8471
12.987
12.1064
13.9433
19.2158
11.7635
17.8654
10.9326
13.1246
11.4544
13.5969
12.3593
16.5312
12.5409
45.1467
12.3666
15.1466
13.581
10.7411
13.2251
11.5861
12.6915
10.9448
40.9801
12.7908
11.2984
12.3509
11.5083
13.5907
12.612
25.2927
11.3744
12.2053
10.8973
38.5205
22.9841
26.8596
13.6624
21.659
11.2816
18.8362
12.5031
24.8609
12.3477
12.36
12.6284
11.101
11.741
17.9587
12.0369
14.3923
11.466
11.6514
15.0079
15.1644
11.9037
13.0261
11.1242
15.3733
14.4817
13.4996
11.8529
24.2847
15.2188
14.0529
12.9591
14.9503
11.9737
15.7518
12.2727
12.8471
12.2801
12.3059
18.4121
11.6904
14.3171
14.6407
12.3194
11.2642
11.8291
12.1165
12.1288
12.6265
11.806
16.8389
11.0663
12.5206
12.5367
13.0933
12.3691
12.2885
12.8025
12.0429
14.8598
11.9667
13.2041
11.4337
11.6398
12.1573
12.2468
12.6745
11.958
11.515
14.8459
13.9577
11.524
12.5135
14.3383
13.1379
12.0768
13.8814
13.1388
11.9319
11.3457
23.558
12.663
22.1056
11.4895
12.6319
11.9073
13.7872
13.1764
11.6557
12.9841
13.3644
14.7612
11.6044
11.2797
13.3024
10.7655
11.6598
17.9868
12.2355
30.772
16.3277
12.3643
12.6909
13.1067
12.038
11.4146
18.9988
15.046
13.8415
13.7293
11.0854
19.1049
11.9465
12.6371
11.8213
12.5869
30.8833
11.2622
27.8671
11.9077
16.2919
11.0421
13.0697
19.231
11.2904
13.9853
11.8112
13.577
14.9886
19.0041
16.3164
11.8413
25.0031
11.6471
11.4534
24.4943
11.0391
16.5898
26.7058
25.341
15.8231
39.9567
12.8612
14.575
13.6419
13.2686
12.6462
15.0978
14.346
12.1947
15.0398
12.4558
12.7618
14.3973
11.7082
13.4514
14.4726
16.3428
11.4976
12.0953
12.917
13.1761
12.6245
19.3468
12.2485
13.5426
12.3292
13.5852
13.6309
11.6071
13.7058
13.8135
30.1141
12.8561
11.6386
14.6904
12.914
11.8878
24.1079
13.8202
12.7324
15.5742
11.0155
12.4489
12.6405
12.5715
11.3472
12.6046
14.9548
17.4368
11.627
13.4452
13.9603
12.4046
12.2275
12.4778
12.0636
11.9807
12.8384
12.2464
12.2929
13.9004
11.1954
11.5487
12.5956
15.3994
16.6746
11.7097
14.3385
14.2261
12.423
19.7547
12.7118
13.6055
13.4885
12.0941
16.2566
25.6032
12.7692
11.255
19.4756
13.4658
11.1755
13.2327
14.5991
12.3389
13.4248
12.5471
27.8533
13.9798
11.067
11.9646
25.7468
12.6564
13.7341
11.9517
12.0043
15.434
11.1455
15.3133
11.9767
12.0543
11.9132
14.1977
12.9593
23.6429
12.3097
11.8731
14.1608
11.5837
14.4998
16.4178
13.5163
12.5479
11.814
13.1108
11.8487
14.3328
18.1826
15.5337
11.7738
12.4261
16.0069
12.8152
14.5314
25.8099
11.6479
12.0968
12.4493
11.3336
11.4766
10.9955
18.0393
13.0152
17.067
13.736
12.2808
11.6951
12.1972
19.0955
12.7098
16.771
13.1644
16.7297
14.7924
12.2281
19.6365
11.4533
16.1864
11.3103
13.6215
14.5471
14.4662
11.7915
16.5703
12.0432
31.014
12.8548
13.231
12.9063
12.584
12.8209
15.5889
14.1273
12.7599
11.7733
12.809
13.1266
12.0891
11.0013
13.0218
36.1767
12.1962
15.3016
13.8103
11.4416
11.751
16.3788
11.7773
14.2953
13.0887
11.9752
13.4634
13.3082
11.1215
11.9417
11.7084
13.4439
11.2254
16.364
12.2627
12.9852
13.7149
14.6234
12.225
11.4052
17.4728
12.6383
11.9909
12.3863
11.9375
13.1887
13.2328
34.3538
14.4966
12.8735
24.2762
19.4361
12.9633
12.251
11.9344
14.5564
13.3214
13.8867
12.14
13.9847
12.9916
14.5604
11.2615
12.5788
14.0418
17.6799
13.5201
12.208
11.3638
14.3348
11.3391
12.7635
14.8624
11.9874
41.0865
13.2872
17.5287
16.472
15.2514
14.1714
11.7893
11.019
19.3211
12.2552
25.0044
13.4675
11.0658
12.6886
24.8177
12.8485
14.0897
14.6598
16.6714
13.9703
18.0476
12.1758
13.2717
11.88
13.6047
11.0405
13.6072
13.5491
14.9522
21.6062
12.1437
14.9429
14.319
12.0131
20.9863
11.7077
13.7683
12.9854
12.6535
11.8146
11.7297
11.3277
44.9376
12.7613
26.9261
12.4355
17.993
15.3297
11.1223
12.2134
11.7418
11.92
13.9905
10.7406
14.8546
13.076
11.4125
19.662
14.4444
11.8055
14.7778
11.8181
12.4809
15.4209
10.9759
18.8044
10.921
12.1118
12.6744
11.1368
26.7133
20.047
12.8714
12.9519
13.5787
15.1249
11.9675
14.2368
17.027
25.4676
12.0065
13.5727
14.0401
14.2652
13.5008
12.0943
13.1808
14.7542
15.1911
13.2126
15.9142
26.341
12.8889
13.7523
11.0521
11.3589
11.3409
12.1152
12.1522
11.3246
12.1193
15.8449
12.205
13.3585
16.3442
11.5498
14.2914
20.0123
14.4776
12.9962
13.8878
11.484
11.2797
12.8647
13.7292
14.701
12.8582
18.7443
12.1119
11.8077
11.1257
19.2589
14.7279
12.0594
12.1711
12.5035
11.523
12.9686
12.7918
12.8616
12.1827
19.5314
18.4455
15.8908
12.0334
13.1446
38.0556
13.7679
11.5156
14.2364
11.9385
16.5622
21.2516
36.6861
12.4785
12.8229
12.5004
11.0576
13.8107
15.6664
14.6472
14.4814
11.0688
27.2767
13.9955
16.1659
11.5084
20.1176
13.3013
23.9247
12.7835
12.3717
11.9666
14.5119
14.1656
12.4419
11.8777
23.7959
11.0712
22.0719
12.2281
11.9429
13.1891
12.623
11.673
11.296
20.7475
11.7267
12.522
13.4486
11.3325
14.7888
15.7926
14.2424
14.0602
11.7108
12.8798
14.0189
12.095
20.1543
13.2195
12.6519
13.8204
15.845
11.4236
11.8472
16.215
29.608
19.4246
15.0335
13.5363
12.5154
12.6818
11.1706
18.378
11.0791
11.7263
13.2744
13.0199
12.4984
10.6765
12.0565
23.8083
17.8036
11.1253
11.8701
12.2283
12.8965
18.0083
12.6131
11.8712
12.7769
11.4729
17.797
12.4564
13.4758
13.4
15.4289
16.1372
12.6898
13.7379
11.2927
11.5196
17.3612
15.7982
11.999
27.1942
12.0432
15.5004
15.253
11.3588
12.5538
11.1407
13.4679
13.4331
12.1703
14.1582
11.3205
27.4162
16.612
11.5125
11.8434
11.2422
12.7529
20.924
12.1723
13.4233
11.9496
11.1926
15.4255
11.9723
20.6006
23.7226
42.6618
