13.1653
11.1941
11.9561
12.5421
32.0431
11.0764
11.7352
17.4479
45.9559
11.5966
16.1149
12.5004
12.8015
12.2992
12.1359
10.6351
11.8984
13.388
11.7082
12.1569
12.0793
11.8194
10.5631
11.3533
11.681
13.8151
12.1584
18.5323
10.5801
12.4951
11.6961
14.622
12.9012
11.5405
15.3755
11.7609
12.8258
11.4507
14.2425
11.8218
11.9923
18.576
20.4766
12.4895
12.4075
11.6871
14.6366
13.1876
12.4917
12.1478
13.6871
10.917
13.1324
11.7968
11.4633
10.9735
13.5529
13.4329
12.7737
11.6906
11.7406
14.0952
15.8481
12.3347
12.106
11.5724
11.8406
13.6628
13.2325
12.6725
12.9052
11.9372
11.3639
11.1435
14.7153
12.4132
11.3822
13.8051
11.4946
15.5846
12.6583
15.3494
12.9853
11.6208
13.1351
11.0968
12.0176
13.2147
15.1926
13.2244
11.8588
11.3579
12.1884
11.4044
13.0824
11.628
11.0553
11.3784
12.1785
12.0588
15.3607
14.9205
13.256
12.528
11.1356
11.5994
11.446
11.5026
16.5807
12.4468
11.9452
11.6197
12.7388
16.4489
12.1889
15.3078
12.0296
11.3341
11.5785
13.1964
10.9687
13.0275
11.6948
12.2397
16.3213
13.7383
11.5133
12.2296
11.3818
10.8245
12.3767
11.5249
13.822
12.2912
11.3133
13.7157
11.1552
13.7406
14.4596
14.3406
11.8292
12.7929
12.0812
11.5596
12.3003
11.2177
12.5391
11.3649
11.42
13.9073
11.64
16.7057
11.5181
13.9184
10.6624
12.7559
13.0615
11.0022
11.7658
11.8191
12.4544
12.1315
15.6244
21.4888
11.0652
11.5172
13.897
15.4643
11.9755
11.045
12.8804
13.2375
21.6816
16.4241
13.283
11.6684
15.7044
18.4812
11.8763
12.2671
14.2377
13.1823
12.5339
11.1861
11.3296
11.5773
25.9042
11.6119
11.0809
11.8873
12.6985
11.2187
11.9062
12.0015
19.6131
14.2921
13.4239
12.0594
12.8085
11.4987
12.1398
16.1018
10.8162
12.5775
12.699
10.9553
13.9975
11.4089
14.1673
12.9476
12.5142
11.9783
12.1957
16.4204
12.2105
16.1328
32.1736
12.3239
12.9803
12.3947
11.8058
13.3428
12.7292
24.5807
12.3017
11.3775
17.9572
12.2507
17.7479
12.9753
13.1221
12.8543
11.7086
12.7458
10.7181
12.7962
15.135
13.597
12.6051
11.7162
24.7293
12.9215
14.549
12.1335
13.9601
12.3755
15.7348
12.6675
13.4589
11.8366
10.987
11.2647
10.9705
18.1005
11.1607
13.6212
11.5338
23.6889
11.3336
13.3235
10.8545
18.5485
11.85
12.5296
12.3643
12.2641
17.1272
11.2675
12.8415
16.0449
15.1109
12.4194
11.322
12.8278
12.6977
11.901
11.6199
11.358
12.8544
11.9484
19.0612
11.6651
11.9158
10.8618
15.2538
13.8779
11.849
13.359
12.4882
14.8516
12.965
15.0308
25.8339
12.8633
15.7708
12.0204
11.5154
12.3872
12.639
13.2918
13.3998
11.4325
39.1715
12.3643
27.3877
12.2972
11.5216
15.1862
14.4076
12.5242
11.1154
12.7938
15.5829
14.8176
10.3597
14.2509
14.5591
13.9808
11.882
18.3303
11.2024
12.445
11.0272
11.5105
13.6124
11.4605
11.1936
13.3562
11.4554
10.2361
12.0468
15.2031
12.0565
12.4214
11.9715
30.3964
11.9247
17.0448
10.4566
11.3663
12.0871
18.6668
12.4727
11.3069
12.4875
11.2082
14.8852
12.2913
11.6939
11.0795
15.1081
12.8097
12.9454
13.271
13.2435
35.8295
12.0464
13.2562
24.6053
43.849
11.3735
16.4757
14.7193
10.6383
12.19
12.0384
40.0776
15.7831
28.5315
11.4402
13.3989
21.8897
20.4466
11.8964
11.3532
14.8346
10.606
11.0463
19.8125
18.2873
13.3679
13.4634
20.7827
13.7841
10.9853
21.0913
14.6489
12.0573
10.8073
11.9597
14.296
14.541
11.7243
16.8592
11.1652
14.1303
13.9792
14.7268
11.7335
12.7249
10.9692
10.8271
11.8092
15.3723
11.6847
14.823
13.7457
11.7001
15.1079
11.9968
12.6358
11.4941
11.9852
15.3845
11.7346
11.9891
11.3852
12.8321
11.3353
12.4285
11.9418
11.5194
11.65
11.8311
13.4495
11.5021
10.7759
13.0549
13.2298
15.6132
12.0567
11.779
12.4931
15.9814
14.4886
11.0512
12.3427
11.6841
12.3152
11.1339
15.2644
12.6905
12.4197
12.3485
11.1766
10.5936
13.6775
10.9835
12.0112
10.4756
12.8163
18.0398
12.8174
38.5937
11.6256
12.7536
19.6578
11.3806
17.7051
11.73
11.1885
15.1066
11.7336
13.4805
12.8996
11.3544
10.7935
12.4554
11.6479
11.3056
11.2809
11.515
11.3566
27.9848
11.2236
24.7002
11.3357
16.6399
12.814
12.7549
11.1233
11.3426
17.4995
13.4983
11.5054
14.6554
14.9654
12.3273
12.2817
14.5971
12.3554
11.5344
11.5968
11.3435
10.75
11.1551
13.7335
10.7475
14.8045
22.5412
21.1104
12.7
38.3575
16.8624
14.2515
12.8393
20.9947
12.3339
21.2818
12.2098
11.6864
12.581
15.6654
12.1992
12.7153
12.1056
12.9715
13.1261
16.5254
12.6535
11.7825
13.5648
11.7208
11.4154
11.9315
11.4111
22.8505
14.1096
13.3012
11.2029
13.3747
12.5982
25.3702
12.8573
11.3448
15.7396
12.8805
13.9376
19.5225
13.2664
12.4157
11.3072
10.7269
13.5357
12.2616
12.5328
11.0491
13.0172
10.9295
11.5884
10.8696
22.5627
11.7136
15.6453
11.8857
12.137
11.7904
12.3354
11.6713
12.9505
13.8686
10.7424
11.3344
10.902
13.7844
12.1957
12.2721
12.2746
12.06
11.9444
15.9933
13.6678
16.4651
11.2469
13.2578
13.8136
13.1646
11.4076
21.4717
12.098
12.9983
12.107
14.7748
12.3896
12.9251
11.7856
16.8177
14.4339
13.8467
12.4852
13.7772
13.1898
11.6627
10.8807
12
12.2518
21.9702
25.465
12.0724
10.7778
15.2967
12.3459
15.1047
13.4096
11.9699
11.8954
13.9045
17.3541
10.8525
11.6677
11.5627
11.6039
11.2856
17.4438
16.3812
11.3786
12.2783
14.5798
11.5416
12.4809
18.3381
13.2337
11.5038
12.1077
11.0057
12.4767
14.2346
14.2962
13.7036
11.3461
11.4637
12.4889
12.1325
11.1767
20.8502
13.3055
10.5257
11.0359
14.508
10.7061
11.9615
12.6909
13.6841
10.719
16.4493
11.3901
11.9015
11.8542
12.029
15.7445
14.4745
16.053
14.6279
11.0115
11.9175
14.1773
11.1547
11.6997
13.3004
14.2319
11.4886
12.5348
12.9837
11.7411
12.2696
11.9411
29.0273
13.9087
12.6236
18.9163
12.4828
14.8961
10.7107
12.4476
12.056
18.427
14.7945
11.7746
12.1468
11.4558
12.7704
11.4712
11.8126
33.622
11.6645
13.6192
13.0492
12.567
11.6301
11.4026
14.0574
10.9312
13.2342
13.3078
11.9695
15.2582
13.7338
11.918
16.3908
14.6712
12.6669
11.6848
14.9514
11.6298
11.1092
12.9099
12.3222
13.7948
12.0788
17.7548
12.8653
30.9114
12.0883
11.419
11.9473
17.6025
18.5241
11.8373
11.6222
13.7022
14.3751
11.9014
13.6034
13.402
13.6419
11.8926
16.1366
11.0672
12.3211
14.1804
13.2915
12.8922
12.4429
11.6921
11.5563
11.0432
12.298
14.1375
13.9275
10.7279
17.9629
13.293
17.5107
16.0451
16.2748
21.1297
11.9959
13.8536
15.6228
16.1269
11.944
18.2072
13.2201
12.9644
12.7287
10.751
12.2545
13.4147
14.4126
22.0445
13.6917
16.3722
11.8617
14.6749
11.3089
12.332
13.361
11.4266
24.0175
11.0294
15.2212
19.7647
13.9111
11.3379
15.9162
11.8311
14.0622
11.4493
11.7085
13.7266
11.4026
14.5349
14.2088
12.837
11.5376
11.5069
44.9739
11.4091
21.752
11.0105
12.1254
12.1673
15.3653
10.6834
11.9514
11.6662
11.5015
11.5897
10.4576
11.1337
19.7119
12.3357
12.4808
27.9433
13.35
15.0881
11.4951
14.6676
11.8024
11.8115
10.8421
12.4403
16.6499
12.6951
13.1502
16.2355
11.8086
11.4577
12.8629
14.2842
12.4187
20.4349
12.9041
13.968
20.7516
11.9437
13.4819
13.2007
13.5545
11.8733
11.7579
11.8321
11.0605
11.8118
11.704
11.2548
11.9549
11.8712
13.4983
11.3465
13.573
11.8424
19.3594
11.2546
12.7184
15.8489
13.45
11.1833
12.5526
13.5247
14.4081
14.5563
12.9971
13.9337
11.7954
11.5102
10.8311
15.337
11.8607
13.745
11.8523
12.1865
11.2223
12.4707
12.6523
11.8701
12.5311
16.1603
11.9211
11.7575
11.8975
35.842
15.979
19.4855
13.5314
14.348
13.9902
31.8669
11.6378
12.1636
11.3653
12.1959
12.4964
13.5825
10.7682
15.6987
11.8721
10.7794
12.6846
14.8172
24.4729
11.377
12.6554
22.5297
11.2145
12.4589
11.6584
19.737
12.0879
12.8595
22.3022
13.0425
15.9854
11.6979
12.1394
12.4838
10.6886
11.4182
11.9338
11.7726
20.0686
12.4737
11.6481
14.7047
11.3721
10.9991
13.8893
16.2832
15.3826
12.1808
11.8979
11.7824
13.936
13.6045
11.0778
12.0466
12.5598
11.5357
14.4636
24.9572
12.4821
15.8093
13.2743
13.2036
11.1256
12.3539
16.0998
16.2113
14.077
14.7424
12.9558
11.1959
15.4009
14.3431
10.8763
11.5598
12.087
11.4207
12.4547
12.6965
14.0358
10.3923
12.0899
11.7474
14.5033
11.9961
11.9317
10.8323
10.9925
17.4435
11.5498
14.1682
12.5707
13.224
12.6527
11.7743
11.1732
12.1291
12.2498
13.1359
21.4289
11.5739
15.6434
11.6911
12.2478
13.7354
11.5259
12.2095
11.8653
11.0606
13.8972
11.454
10.9462
10.8476
12.4386
13.1034
16.9596
13.5833
21.0368
12.3064
11.6437
11.0238
10.8986
16.9167
15.0575
12.4043
11.6644
14.2922
12.2583
34.8746
