43.8209
32.4507
28.6492
52.383
46.7513
47.9238
33.3368
47.4848
43.6753
33.2561
37.6632
51.1887
34.0706
46.9748
43.1379
50.4954
57.2407
39.1814
44.3665
31.02
56.7283
59.5891
35.9734
52.294
62.6879
46.6611
57.2034
43.0934
36.6931
32.7634
46.3674
34.6167
31.6815
53.6838
27.095
53.0186
33.7737
28.6213
51.0778
62.3923
41.9655
35.7901
37.0089
45.7295
36.3709
47.6259
31.4871
54.9155
30.4608
46.2913
47.8434
36.1417
45.7541
41.2017
42.1098
54.6316
32.1127
41.7698
49.8854
45.2434
57.4271
51.4765
51.2247
50.8695
38.3542
39.5799
44.6203
53.3362
32.7694
36.3856
29.6006
32.5223
35.2642
49.8065
44.7042
35.4086
49.4166
34.4563
58.0889
44.642
39.4005
45.4378
42.0472
32.545
39.4487
31.9485
34.4702
36.8057
55.4371
42.3681
41.6745
56.4073
47.3556
48.9399
38.8265
43.3844
60.2057
63.1221
31.3804
46.3979
43.4187
32.1409
39.8026
31.2548
35.2016
49.6285
44.4632
55.7998
34.8435
39.4359
27.3504
47.0396
38.7397
33.8708
30.5974
50.5
35.3728
38.4645
35.072
31.0469
36.2839
41.5048
32.9386
57.6794
35.673
46.5373
34.1072
43.0957
63.0967
33.4227
56.7202
39.305
46.1122
41.3543
40.2324
31.3096
32.0673
36.6011
29.9619
40.7853
36.8373
41.4963
43.0914
42.6855
37.9553
45.8155
45.4748
37.6143
55.5192
45.9462
58.9478
44.1954
34.6179
43.4392
59.7178
43.3794
47.7038
34.6399
31.0148
39.2325
43.4385
49.4079
41.2973
42.623
36.2369
46.003
47.3707
28.9603
42.7263
38.97
46.143
44.022
46.0108
47.872
49.8438
40.4809
46.2741
33.2347
44.4552
42.4202
45.021
34.2234
33.6351
40.8048
32.5624
41.9751
38.4664
46.8216
34.6646
37.3523
49.0688
39.7514
34.5593
45.3351
50.9218
52.9778
43.0357
42.367
48.4599
36.5209
33.1548
39.3281
44.905
31.4
34.7739
45.3759
45.3991
34.2268
36.3578
49.9997
43.9004
37.7342
26.5545
39.9295
44.5003
44.5037
32.9571
47.6351
52.6042
43.8352
33.4288
50.029
52.6619
31.7692
56.4637
47.0689
40.6685
46.2875
30.5799
41.0808
42.2547
58.9405
39.9745
36.2467
38.7105
57.1689
31.3683
35.9125
33.1551
37.2537
41.9127
48.6549
56.1883
48.3307
37.9267
55.0734
46.6943
47.8619
41.2248
38.4216
65.7334
33.4549
55.488
31.609
33.641
47.7768
37.312
39.5003
48.5804
37.5676
33.2349
32.9209
40.8894
36.1837
32.6917
51.1331
46.6029
36.5274
47.1284
33.024
41.373
40.5859
46.4572
51.6561
46.2934
44.2346
48.7638
33.9756
36.7614
48.7415
56.5746
50.0065
43.9938
41.8804
44.1087
37.7203
59.9169
63.2326
42.5318
47.5774
31.5893
42.4934
47.2135
42.4484
41.8818
43.9824
33.1873
44.6734
41.7647
50.0441
55.2101
35.0656
44.6915
33.0919
45.1654
33.1382
32.8397
41.5601
33.0261
44.4836
37.3902
37.7999
30.7948
46.0859
47.4506
55.1338
36.6573
45.7871
44.1027
57.3988
60.0692
27.3175
42.5208
53.1168
27.0746
47.4062
35.6949
46.8441
47.5643
35.7761
64.201
47.0835
39.6665
37.804
40.9809
53.9866
39.6443
56.0401
44.7879
47.1452
44.0062
42.1802
43.1065
56.2204
40.3803
43.0397
33.2234
47.5613
52.9532
54.8113
58.0089
44.6497
33.8261
35.9153
30.4916
44.6871
44.2336
41.6026
32.1676
43.3375
33.0274
35.8408
34.3724
54.7974
37.0845
46.692
53.7112
31.4241
31.8293
35.2223
43.3608
36.2658
52.7631
47.3097
42.4624
45.0221
38.6502
29.717
47.1904
34.3645
39.7482
30.8003
45.1851
48.5756
39.5199
44.6171
57.41
57.6521
31.8136
41.1434
37.8745
36.3562
38.5361
34.8402
39.9244
41.7022
42.7787
42.6016
30.5653
40.9005
31.7493
49.4973
50.9272
43.5571
45.5342
43.0157
50.6972
44.6832
36.1967
49.3828
31.1005
53.2704
46.3608
33.1414
30.9966
30.6443
50.2223
41.8529
44.8439
41.7941
47.179
38.8609
51.3789
36.4684
35.8756
42.5919
32.6148
44.8642
35.4739
37.2241
55.6521
32.9957
55.5603
53.7289
41.4005
37.062
51.7047
37.3898
40.9373
44.7091
39.4214
49.0415
57.245
47.2599
45.5401
53.3871
33.7943
59.3238
61.693
56.2
37.3728
33.5764
37.0406
39.8771
32.7255
42.1813
55.8822
42.0843
43.6832
33.1939
38.3064
37.5091
47.9199
54.9728
46.7132
49.3193
42.7935
38.7668
34.3554
44.2059
50.2165
43.6195
56.5176
36.2732
52.7559
47.8544
34.753
42.1976
45.3823
44.9004
43.1595
63.2552
33.3712
34.7196
38.9788
29.5995
65.1152
41.4024
38.4574
45.038
29.5054
29.864
42.187
47.896
42.9805
43.4316
49.709
66.9693
28.6097
31.4322
54.8023
40.596
34.4139
43.1177
57.2363
43.7044
34.2729
39.404
31.3909
39.3377
46.9641
39.03
42.8658
44.6548
54.1115
44.8099
47.1942
53.29
43.5555
57.0892
41.5603
57.2502
47.5103
58.017
55.8846
49.6325
45.6601
43.9777
50.8668
42.0013
47.3794
40.623
30.6622
31.6357
30.5125
49.0641
34.6247
49.3461
41.9236
37.6502
31.1702
48.3289
60.8572
45.6401
44.6838
48.7811
43.8173
33.3909
44.6748
45.5967
29.604
31.0222
44.1807
33.4416
60.9188
49.2614
55.6937
48.7957
38.7965
33.2816
32.3139
35.2185
38.925
38.1536
62.2177
45.3502
39.2241
39.5148
32.8671
31.772
47.8646
42.3371
30.3597
32.5629
35.7396
55.0874
42.615
34.9156
45.8241
50.0958
50.0337
49.3032
34.0835
42.6275
39.4783
31.5984
48.1128
41.987
48.4387
39.5053
55.0553
32.5099
52.9965
49.7402
32.4031
59.7377
50.0156
32.1286
58.5409
53.1269
47.2414
45.0447
47.5568
53.4979
41.1997
35.8394
47.7283
32.5894
45.762
35.8097
48.0266
55.245
42.6988
50.83
48.2293
44.9619
50.7389
34.4077
49.4782
39.324
41.8549
47.983
39.2611
33.0827
67.1713
38.2003
35.1509
36.5235
35.8974
41.0676
30.0349
58.8733
49.5154
30.4135
39.3143
52.4438
52.4454
36.2084
42.7414
35.7682
46.1372
27.5614
43.7621
50.5147
52.0398
54.2969
37.824
38.1072
30.5788
30.5785
38.4099
51.6137
41.2453
41.2698
32.3251
35.2646
31.8476
55.9875
44.3016
29.9462
31.7013
33.5461
31.018
37.0189
36.1454
34.7831
53.846
35.1446
46.0946
36.9328
69.2294
33.6147
51.4545
53.1391
49.3724
44.2848
39.6591
50.4581
36.9242
42.0929
51.099
49.6853
52.271
63.1463
53.8407
37.5198
40.7626
33.7567
43.2041
43.4047
44.6224
38.9854
44.3135
45.9838
38.3217
33.7627
43.6356
49.9586
45.2346
41.4447
41.7986
31.8508
43.698
39.7678
41.0046
34.9637
38.574
33.862
31.1742
44.3884
53.4639
49.695
30.828
39.785
45.0479
39.1502
47.4312
43.1523
53.3814
52.5331
30.9865
32.8631
43.8542
36.2651
43.4301
39.9869
52.715
45.0819
65.5551
39.8017
43.8456
38.1611
56.9189
35.54
45.3507
35.9232
34.4564
34.3442
44.5756
62.3249
30.3961
40.9768
43.5741
41.2402
47.4568
52.3225
45.7065
33.5603
44.7768
50.2742
38.384
31.4534
50.8089
36.2047
40.8157
32.6519
39.2411
38.1272
60.1587
35.6108
36.9257
41.3907
38.9541
34.0589
42.8443
46.0801
49.5613
37.5816
51.7775
55.6153
29.0524
31.768
35.5644
54.8556
48.7039
44.3148
42.3769
38.6926
50.8611
43.9901
32.1927
29.7741
41.3236
52.9756
44.3361
49.0841
42.5617
50.8882
46.3034
41.1162
39.5862
44.0438
45.5169
31.3757
30.9444
29.3813
40.1595
34.0019
45.69
44.7359
35.9629
38.4153
34.4349
31.1171
65.5364
53.6975
54.6324
56.3813
40.1796
45.9754
57.7525
31.5583
34.7824
42.975
42.8375
31.185
43.9184
35.3667
31.6442
52.2272
55.9176
40.022
40.9234
38.8215
57.7763
51.7299
41.5143
34.4341
46.1577
43.0831
46.2676
41.3346
41.1391
30.72
42.982
42.8201
44.2495
49.238
52.7457
44.316
48.4174
46.8075
42.4226
47.1619
33.3645
47.2916
48.1406
50.9773
32.8863
32.269
47.5826
38.2163
42.581
54.9609
44.4315
36.357
41.5905
49.5951
35.5939
31.689
41.9519
52.3659
31.8134
46.9663
33.5169
40.2135
37.6693
52.4742
30.9845
45.4972
43.3404
34.9906
46.1836
46.3411
62.1548
34.1799
46.1145
44.3353
40.3861
40.7526
33.9266
34.757
37.1925
45.4678
45.8634
41.1062
61.0905
42.8228
39.5474
54.3518
40.8034
32.98
47.1839
47.534
28.1864
37.3144
35.9546
36.8591
43.419
45.7409
30.1499
31.0057
32.313
35.8528
43.7693
47.0681
31.6282
43.8471
39.0814
41.7953
41.9977
45.5313
31.5037
42.5281
39.5003
44.6341
45.4213
51.3471
38.6866
46.502
33.9681
29.9006
39.4021
53.6738
47.1408
57.7259
30.6473
47.3046
41.5374
40.9846
53.1562
63.1664
37.4987
58.8942
42.9065
35.8518
54.5804
38.2545
45.1946
35.173
26.4022
41.8441
34.3707
53.9138
28.4282
39.1706
40.3934
32.8084
47.468
31.9552
63.9782
59.1402
27.5527
46.8543
58.695
66.6818
43.1149
46.8636
57.0723
38.5696
35.2915
34.0278
38.4063
46.6009
35.6514
61.6103
52.8316
42.9999
51.5938
37.257
34.4481
47.1877
44.357
37.4856
30.533
43.9157
43.0178
39.4911
34.685
33.0563
32.1743
37.0231
41.6439
37.2261
45.9757
40.1725
30.0617
44.9187
40.4842
54.8447
53.4996
58.8853
44.3473
39.6354
34.3508
54.8932
34.2402
48.7858
57.3565
41.7308
