48.0222
43.7838
36.7467
48.7905
37.9014
38.5966
41.5507
68.9075
39.6087
35.6498
39.8272
40.5805
36.6624
47.756
41.5767
41.5133
57.3563
36.1583
47.7641
44.6213
42.9848
43.0824
43.3062
40.866
38.101
35.3751
64.5323
43.6683
38.7027
43.4944
34.8687
36.9909
37.1889
52.8406
43.083
42.307
38.8859
43.2851
43.6038
37.4627
40.7137
36.8876
61.1945
40.2038
46.6054
33.4963
37.5839
42.083
37.5612
37.3503
56.197
38.236
45.048
46.6263
50.4588
38.2183
37.9375
36.949
40.2338
40.6375
34.0128
44.5311
39.3685
61.0336
44.3171
35.3265
36.2542
44.6027
39.5268
43.4419
38.7259
35.6334
35.6106
37.094
52.9048
46.7623
43.0154
33.2183
36.9212
36.5611
44.8504
35.7174
45.3923
37.3393
45.67
37.4416
43.3583
37.5407
36.2433
35.936
35.9051
35.5508
55.8899
37.272
37.1766
42.161
35.9746
51.8322
40.1088
38.4511
36.4547
44.2949
35.8909
39.9616
42.6049
35.3096
50.6283
36.2671
37.2654
40.3948
35.8575
38.472
39.9709
34.0919
62.6049
35.8957
45.9623
39.7752
40.5149
41.8293
35.1815
37.2313
35.7032
40.8938
42.0084
47.4825
40.385
39.0719
39.0069
34.3585
37.6891
40.1614
38.2973
39.5727
40.8313
42.0783
34.9008
37.0784
36.7465
37.3172
40.4762
36.9757
40.4045
35.7618
49.9175
34.9629
50.9424
34.5512
47.4121
38.4333
36.0189
39.2039
37.1577
37.7178
36.1461
35.647
35.8165
38.287
37.1279
43.0322
35.4943
38.3636
44.6951
38.074
37.0909
41.665
37.0634
37.2821
38.9329
39.7657
65.422
39.734
37.2374
43.3018
39.6724
34.2382
38.1006
38.821
39.8943
41.2787
36.7817
53.4189
39.6851
44.1641
41.7773
34.9192
33.9159
43.3823
36.4593
33.7096
41.117
41.8654
40.1717
44.384
44.412
35.3474
46.3555
42.5559
35.4464
49.2922
39.2519
43.6932
47.2162
44.513
40.8699
41.0226
39.2313
50.1566
37.3923
38.2967
42.6504
43.297
46.3307
49.5891
38.2342
35.3478
34.0125
37.9284
46.8621
37.4138
42.4049
39.8965
34.8744
40.9253
41.417
36.5099
36.2166
37.7815
42.859
39.2201
43.1394
37.9202
37.4424
43.7037
39.7257
33.8022
35.6411
49.8179
46.2445
33.8698
41.0156
38.4668
42.5037
39.1088
36.9455
36.5345
41.7357
35.3925
41.1803
35.044
36.0761
38.8858
53.0499
36.2205
41.4277
45.744
40.9645
39.3263
42.018
37.1606
35.8655
44.0517
40.6956
35.9313
50.0385
50.7802
38.0428
43.3255
38.8142
42.524
34.7582
35.4514
39.5916
56.7608
38.4461
38.2509
43.3087
35.0094
37.8654
37.8051
35.8087
41.1351
42.5649
41.2111
38.6824
35.7984
35.1228
37.4323
40.371
43.1892
39.2498
39.7957
41.4089
43.3148
40.8074
40.612
45.3425
37.0951
40.5832
38.7998
34.5717
41.9244
35.414
36.4809
40.3993
36.7738
43.2585
43.4183
41.3173
44.1446
37.4189
38.7348
34.2591
37.5672
37.2046
39.5774
36.427
36.8822
41.4222
37.7325
37.5058
35.6848
36.6568
37.6751
36.7242
36.8257
36.3548
44.4638
35.2776
37.1296
41.9415
41.6338
70.1162
50.7417
37.7097
34.4142
38.7985
43.7529
35.345
44.4338
36.865
41.2727
49.1603
37.6775
35.1959
37.8982
43.8826
41.4556
51.7467
39.0301
38.0129
82.1475
35.1271
34.1886
35.294
37.4759
50.6261
39.2942
41.3306
38.2169
40.6416
42.4787
41.8303
36.7726
38.8822
36.2685
47.989
37.4646
44.502
35.958
34.851
36.855
34.5799
35.1593
38.2441
38.5726
38.3223
43.9726
43.727
34.1662
51.1312
34.935
51.1217
41.9001
39.8569
41.5333
37.0634
36.7563
38.8204
36.5929
36.0176
40.4153
40.7346
38.75
37.1241
36.3931
40.868
49.4971
34.6546
35.7211
44.5391
34.5432
67.0298
43.47
36.5098
40.3895
35.9479
58.0049
34.9466
44.6502
44.3181
38.414
38.0072
55.3959
35.8237
54.8706
38.8362
39.7886
53.2716
37.701
40.3035
33.7509
49.389
37.4025
36.8539
36.8032
35.2055
51.6841
35.2625
42.8553
38.2159
39.5456
38.545
43.5476
33.8344
39.3664
40.212
42.432
40.9677
38.4875
41.8707
38.312
39.5947
35.0154
38.8437
33.9638
39.4417
37.9422
36.974
38.8891
35.9064
50.956
36.1103
40.0458
47.6969
39.4337
34.7785
38.2872
40.5256
36.1345
42.5078
35.7882
41.0301
35.7267
34.334
38.3441
40.0541
33.8973
55.9494
42.2399
36.5535
44.1231
44.4596
36.897
41.5505
36.5624
36.1962
36.895
35.405
34.042
36.7997
43.1109
59.8834
39.6179
44.5848
35.761
40.0084
37.4031
38.9812
40.5519
41.2732
39.2163
38.7048
40.6973
52.1302
33.7339
41.413
45.6859
41.1871
37.6969
42.1608
38.1769
40.3711
37.9461
49.3716
39.9486
56.8685
41.6098
39.7144
44.2152
42.0022
38.1888
55.4567
54.9862
50.9892
42.5615
35.3688
38.1168
39.8129
49.4678
36.6684
37.5515
36.6865
41.2468
39.1115
40.8585
38.9761
36.5421
35.6849
80.2613
37.3596
38.6933
38.2132
36.8523
57.4325
53.5783
46.3013
36.1874
36.7074
48.5822
43.9916
40.6611
35.1399
36.719
40.2722
63.131
45.8098
37.4513
34.7339
38.4821
36.2606
38.1232
36.0511
44.3172
68.6428
40.7633
40.8692
36.0801
49.9145
34.2328
35.2506
37.1241
40.0633
34.8162
37.1552
48.9867
35.2311
59.8525
59.2951
32.9986
43.8076
36.0299
39.2988
40.8683
38.3658
56.7187
75.5487
37.3073
37.2096
37.9483
40.6521
36.6313
33.7186
36.7268
36.939
40.0393
36.4796
44.3809
40.9327
36.2112
37.773
41.276
39.4279
41.2028
49.0505
41.7464
40.9732
37.1067
41.0645
50.8459
37.6689
43.5531
36.1867
36.5492
44.9301
37.9082
36.5792
55.9004
39.4423
37.9162
52.2868
47.2991
38.0731
47.3921
38.3193
36.7861
34.3393
41.0795
39.525
38.53
39.2478
37.1226
39.0204
43.6557
45.5787
43.6058
45.846
54.2134
33.423
51.0936
37.7482
45.4657
37.4339
41.4525
40.0366
42.0852
34.3213
36.1636
41.5145
39.223
37.8101
38.7886
38.2358
43.4641
36.9745
37.5065
39.0682
34.883
34.3555
52.0634
42.3558
49.4828
40.2453
36.6532
37.4394
43.6294
39.2333
43.8497
38.6973
41.7759
41.107
41.5476
48.1597
37.5259
34.7257
54.7244
54.9525
35.0821
35.8982
38.851
37.0815
36.4286
47.5105
39.3813
44.1721
35.6865
36.0103
48.2995
34.4105
35.5882
52.2389
35.8771
36.0977
48.2201
49.3129
41.1845
39.4138
36.5929
47.401
34.4259
35.1016
100.703
47.8038
37.8897
43.9591
46.5312
39.8851
37.3674
38.5257
43.6665
37.0412
46.7811
40.6367
35.7015
46.6555
37.2755
47.407
42.9094
48.1427
34.3466
43.1274
38.3206
42.9289
36.3315
47.3788
47.7716
40.8948
39.2355
34.1143
38.2725
41.369
70.7135
54.3467
34.9391
36.9612
35.7598
34.4082
40.7087
38.2667
42.3755
34.5467
45.4453
39.6257
40.2132
35.7552
41.3332
39.0919
49.1384
40.4275
41.8315
53.1665
37.479
50.45
35.5438
38.1369
39.4109
35.919
55.1274
43.545
39.9739
38.8563
46.0431
37.0792
35.8719
42.3638
35.6628
39.2513
39.1351
34.3998
37.7739
36.0054
41.8218
34.4666
39.5026
39.6662
38.3731
42.0833
35.8758
38.3526
35.3961
60.4175
47.8469
33.3994
38.722
34.5268
35.7997
39.5387
42.1139
39.1899
36.2066
36.3871
54.7636
66.2979
40.3842
37.3874
35.8983
39.3734
42.7034
39.0208
33.6154
41.9731
37.2638
44.8815
36.1606
36.304
45.2907
44.0039
51.1619
38.5714
38.0358
35.309
93.4067
35.5588
35.81
39.4145
43.4676
37.2917
43.4114
46.8521
49.1837
34.678
37.5967
35.2672
40.1952
37.4121
52.7991
47.157
46.5317
33.288
43.0953
39.159
51.9376
35.3959
36.0847
39.5022
38.0697
44.3647
51.7631
37.3622
35.5272
39.1424
40.6989
41.0183
37.8255
37.003
39.8392
45.1779
38.2289
39.4966
38.0619
34.5661
41.7653
41.5815
37.3162
50.9951
61.8464
42.1393
39.3326
37.1822
39.8788
37.1258
32.4751
37.9158
42.7687
38.4902
37.8589
38.5876
43.2469
41.1614
42.7037
38.2166
37.581
42.105
38.1377
41.0601
35.4131
61.0606
36.4296
39.3249
39.9492
36.615
37.6185
41.2014
38.4649
37.1694
34.215
35.3528
40.2835
43.1385
36.7541
41.7492
41.8675
36.4053
36.7542
42.5463
34.7016
46.0132
39.54
34.8373
45.5588
39.0623
38.068
35.4554
37.9238
50.9204
38.0707
39.0908
60.2359
52.4243
36.4053
49.5063
37.28
43.4103
38.1954
38.5076
43.1388
38.6354
38.5112
49.4299
33.0437
42.4321
35.7594
37.6812
35.8887
42.0591
37.6515
41.2362
36.6114
42.8493
35.1682
37.2441
41.9556
39.9698
39.0639
35.1475
37.7004
39.1985
39.6357
39.1309
35.4101
36.7747
44.1921
36.7112
33.2046
42.9637
36.852
52.1438
42.3042
38.8995
40.3203
36.0338
38.3903
51.9387
40.1824
36.3905
51.5478
34.5141
39.416
35.1506
39.6256
38.7589
41.1665
54.1246
41.3308
39.0838
41.8605
43.1743
35.8231
34.7808
38.904
53.5605
40.6442
49.5022
41.012
45.7351
43.3659
51.5454
42.8479
37.3932
38.0298
48.1579
37.3465
36.1305
40.4822
49.4706
43.4996
39.8743
42.831
40.5722
77.7561
44.7166
54.9787
67.8208
40.7364
35.0458
34.8951
36.2355
38.8349
33.7846
44.0403
43.8396
39.4058
37.5474
39.7438
36.7732
35.9255
46.3673
49.8906
34.3139
42.3971
