64.0669
64.0931
43.8979
56.9572
38.7828
42.687
45.73
35.0237
78.6706
49.2862
71.032
41.5983
48.9316
58.4253
49.3509
48.0026
65.7886
64.9613
42.9288
65.0979
60.8918
50.9255
50.9252
53.3433
60.3041
49.6872
53.1334
45.5173
50.2774
50.7504
79.1031
51.197
56.7124
39.4988
68.0902
53.3329
56.8509
65.329
58.2446
55.7899
70.6126
64.3321
71.8142
67.8203
54.5571
45.3375
44.402
55.0738
64.3279
43.3934
77.2277
65.2037
53.1731
59.604
57.9228
61.7975
44.1002
67.0386
49.8356
53.078
51.2833
55.8199
47.3146
55.8044
51.3151
43.0647
42.8952
70.0394
68.6677
46.8335
60.1813
46.3883
47.4062
57.8678
60.2378
47.3807
54.8299
55.7774
62.7241
47.9235
58.484
48.5159
45.4895
45.6031
43.7465
57.5362
71.59
50.3888
45.1439
52.6374
55.6096
62.0813
73.5127
47.9263
72.8801
60.8308
50.7126
42.4384
69.3919
71.0356
58.586
50.1637
64.9544
51.3858
57.3708
80.6705
56.2258
69.5128
51.1325
57.6347
49.709
54.2235
41.1391
63.0326
54.3833
51.8355
54.3717
66.8766
58.3975
70.6818
46.8266
44.5534
54.1941
45.9485
48.6794
61.99
44.3249
68.5021
59.0221
49.7577
46.9395
54.8151
49.4108
46.3774
56.2315
43.335
52.5523
44.0175
40.6041
63.5694
60.1879
58.2357
51.7312
53.083
64.7011
59.798
46.6783
44.8608
54.6358
45.1173
67.4902
43.9733
62.3685
53.0413
58.5261
45.5666
52.0316
62.8564
51.0002
59.8922
46.3315
58.6956
43.6526
53.4416
53.1219
41.87
49.2801
42.6537
52.4415
52.5808
53.0617
48.9786
63.375
63.7702
49.6518
56.4477
44.1678
56.389
48.1321
68.5058
59.3818
59.6245
52.9302
45.7995
46.8909
43.8775
66.8106
69.1061
67.6576
55.0549
47.2534
44.4755
56.3961
61.4533
41.2639
59.0618
80.53
55.5679
60.129
53.255
58.3013
47.201
61.0121
64.5712
58.6367
54.3837
51.8512
49.5785
49.5548
55.2623
43.2667
67.9986
50.1351
44.2928
49.3743
57.5847
58.7501
61.2812
48.1143
50.1514
54.3743
56.6694
56.79
43.591
45.867
54.5439
50.8952
55.3011
47.6803
64.4113
55.5628
47.5382
58.3946
62.5731
46.517
42.0907
53.4926
40.8787
51.6112
42.5679
49.2264
61.3364
56.2831
63.6501
50.6868
50.4898
48.6007
48.5494
48.5537
60.7974
44.5542
48.1914
48.1893
60.9718
47.985
48.3417
55.8018
74.8343
48.5782
56.745
56.8755
53.7035
32.273
56.0513
46.7512
68.3401
74.6327
65.5182
62.8129
77.0729
65.7611
50.2514
61.3876
66.9228
61.2508
60.6327
65.6859
44.8584
47.4616
63.5859
54.0998
45.7216
43.2129
44.998
45.2585
58.4895
68.1746
52.7202
56.2418
58.3928
44.3357
61.2052
80.9925
53.4643
51.0328
54.0481
49.8152
65.6552
51.55
50.1032
43.8932
46.0011
49.3934
42.0264
55.2662
55.5112
41.2983
50.6728
42.2446
43.4333
65.5013
72.9089
63.3043
50.9012
71.4452
62.1961
55.8528
44.7835
72.5434
42.1878
55.3174
63.542
41.9659
51.4256
47.4779
49.5115
58.5629
48.9522
51.7004
50.7647
48.158
43.6556
61.4999
46.4365
42.0439
52.75
56.2475
49.7569
61.1092
15.9634
54.3404
53.8035
54.0846
54.7117
46.5278
72.921
55.7151
65.4686
48.2652
50.5108
41.1353
55.4248
56.4024
45.5121
33.3317
45.8984
61.0984
14.8902
62.2433
56.4239
64.9364
45.6375
62.3421
11.1427
49.5365
54.4545
55.4642
69.3168
70.9155
46.6232
58.534
58.9428
44.0709
60.8938
43.9252
40.1906
58.7017
60.894
54.8353
42.6864
53.3196
67.7684
48.5697
73.6676
60.3156
45.3479
43.9803
58.8585
54.4967
57.8395
44.2382
45.4404
54.4867
43.9321
64.7774
45.9757
43.0118
68.1101
51.5926
44.7388
48.5393
44.8596
47.0301
48.4865
51.6445
52.3035
48.952
55.6256
43.6321
50.8416
53.1495
47.137
41.1216
53.0176
63.9263
50.2798
45.6729
42.512
64.6452
61.6502
54.9311
45.0429
56.582
47.5226
47.9106
50.9689
64.5968
62.1513
45.2957
73.9061
70.2337
56.1057
49.2056
43.5657
51.2866
63.2091
53.0464
42.1607
50.2885
77.7883
60.6431
44.9437
48.3392
54.9977
47.5543
51.0524
67.1681
57.0237
60.4171
55.5615
66.323
55.4766
55.474
42.8002
71.9026
57.9004
61.471
45.644
43.3305
54.8367
46.6765
55.6378
65.9961
62.0852
47.9316
49.5455
49.1787
64.5057
56.8991
54.5394
44.4614
70.3373
51.8976
44.5349
60.8499
40.4313
64.5368
42.4934
62.5759
55.5155
51.7108
70.8491
47.5108
48.9398
46.3717
49.7455
47.4995
57.2491
75.5143
64.7252
69.0687
61.6397
54.4195
48.3623
45.9299
50.0185
57.9662
48.996
56.5293
63.6536
52.5153
41.2011
56.1911
43.2482
63.7006
46.4535
53.4754
65.1584
63.5876
46.125
45.4713
54.9246
73.9691
64.2221
70.2692
58.0067
58.7802
69.4834
44.726
65.9705
49.9375
48.5258
52.4619
44.8085
46.075
69.9959
48.9648
56.9174
45.7215
46.6526
65.6611
62.2416
45.7506
67.8893
46.4015
57.4094
44.3499
58.0663
50.4441
42.6457
42.9951
46.6327
63.3009
61.6074
53.6464
48.5928
48.4073
66.1643
44.4909
49.7609
50.2669
61.7789
47.253
50.1443
61.023
46.9935
43.6215
47.6835
41.7901
69.084
40.7218
58.3587
44.8982
52.3663
71.0994
56.2237
66.087
53.913
47.3835
57.5551
83.7896
42.5779
61.8415
55.1955
50.3297
55.1851
58.6571
55.4048
48.3115
53.7518
57.9912
49.7225
60.5326
45.6862
65.7666
42.9102
50.0204
44.7285
59.4054
54.9813
70.7436
43.3088
49.0921
51.8832
46.5124
62.6551
47.8898
45.1175
51.7787
48.1515
47.0955
48.616
55.463
41.9885
44.0353
43.8379
56.8711
71.7291
79.7039
71.4445
55.1178
45.1184
55.0072
58.333
49.4428
59.6066
53.2745
70.5311
46.5128
51.9282
62.5245
79.0611
72.9603
56.6296
45.6655
56.6639
46.3438
45.1878
59.2842
49.3361
52.1965
48.2139
59.2753
55.5779
55.4901
67.5671
65.7805
49.126
43.6264
43.6964
56.4698
58.0086
60.6022
47.2379
62.8447
54.3907
43.4682
54.0657
51.8938
45.815
50.2287
44.558
54.9585
53.1633
58.89
52.0705
45.5384
66.6483
44.6835
49.2087
47.4977
58.7575
57.6325
45.451
67.0849
65.984
52.0931
61.5539
45.384
42.6117
49.8254
44.6805
40.8241
48.9482
47.2766
57.7464
84.1576
51.6412
50.7453
62.1255
60.4424
48.2957
59.3534
56.8356
47.6563
73.7267
56.9709
65.7521
60.7094
40.6185
54.87
68.7476
63.7015
53.8179
72.2064
54.204
66.2022
52.6969
47.3644
65.5741
56.2285
49.0171
44.0623
56.0139
53.4118
61.4
55.4336
42.9044
51.8363
43.0909
75.7936
64.0623
46.6516
45.5225
46.2662
55.83
74.7326
64.2648
47.795
39.5387
59.0787
55.5891
47.883
45.6924
54.0024
61.0087
56.2615
59.0551
46.0747
64.8545
70.1518
54.3193
61.5796
47.074
52.1314
44.2854
43.999
66.6049
54.1194
60.1936
44.3928
41.6855
60.4859
49.6655
53.1125
45.9057
55.4802
47.5811
69.0677
46.4749
66.8288
51.6813
63.8441
52.3772
73.3331
51.4597
46.1911
52.2253
42.7342
53.4029
54.5092
49.7168
55.517
47.2411
45.4843
52.4061
45.7126
63.4814
62.9204
47.1431
69.8477
63.7797
65.2975
51.1216
60.6122
47.341
27.4497
60.8083
46.6606
58.6091
54.2328
53.3361
57.3084
64.1941
47.5643
56.5168
56.1989
56.2
57.4187
56.9008
61.7357
48.4472
53.0748
55.7581
63.5453
41.7939
45.7674
50.2565
47.9168
54.0555
66.6311
45.3983
54.9382
54.1367
57.1071
54.0828
57.5293
44.4312
68.326
65.6948
46.7485
52.8272
59.487
49.2907
60.5376
57.2644
63.6567
60.8302
43.6413
45.3495
49.7377
46.3085
40.4574
45.3178
56.2729
43.0277
67.9174
53.424
62.9559
61.6855
43.6701
65.9698
46.5478
42.4303
58.6027
53.8233
52.5583
71.6804
73.0449
57.1529
57.9199
58.1022
62.2756
49.614
54.6022
57.07
69.7396
47.3316
53.6945
53.3851
44.1139
86.6384
55.8352
22.639
76.0455
51.7574
62.5062
74.4392
60.2563
45.6909
69.9926
72.0536
58.127
50.1025
60.2762
45.2393
53.4643
69.4664
46.5148
59.4254
59.5251
56.6656
57.5232
66.879
59.0163
52.5163
42.2078
54.7604
51.5696
59.6915
41.4676
56.1751
48.1472
49.3959
59.37
49.1516
69.3449
67.7996
52.3802
43.9677
62.8733
50.7814
73.8873
64.6893
51.577
43.1191
58.8389
42.3986
48.0008
44.2688
48.1016
50.4755
60.3658
58.4964
64.1046
46.541
46.625
47.718
45.0094
64.9055
48.3707
46.3677
60.1955
67.487
50.6817
68.8884
81.5297
53.3048
42.04
65.2984
60.9565
45.4728
57.8448
54.1236
55.86
54.7499
48.4924
46.6243
61.4558
78.7862
52.1988
59.1672
49.4695
45.8303
52.0212
62.6536
48.8489
58.1033
52.8629
51.8133
48.243
42.0615
65.6195
56.9703
68.0663
50.6271
49.0464
41.4454
43.7887
52.8401
69.4905
31.4168
49.7064
51.969
47.9294
77.5646
50.5821
54.0421
76.6508
43.4125
44.8869
54.8267
65.173
41.3065
68.967
68.5659
69.6335
64.1461
65.4567
61.2304
56.5389
59.3479
55.083
57.3294
46.5268
42.2589
53.7041
75.5636
71.9045
59.4168
47.7936
67.6668
59.8058
63.6003
69.3288
50.7657
53.8188
74.9569
65.4831
65.2144
53.8002
44.8675
41.4318
70.6811
48.625
61.5421
39.8522
59.6328
45.5581
42.4763
