36.1133
37.7425
38.7761
36.9189
39.898
36.3149
37.6586
47.2365
38.7419
38.3483
38.5604
39.2022
35.7751
37.3052
41.6654
36.3205
39.5514
39.0235
35.1639
35.7335
36.7752
41.299
39.0041
36.3263
44.0073
38.1272
42.1453
34.7339
40.1753
40.4712
41.3803
40.1983
39.1281
37.6817
38.88
36.1008
37.2841
43.5423
44.6786
43.8942
40.6699
40.9387
39.7834
43.1527
37.4557
40.8089
34.5699
40.8818
36.8748
36.1635
44.0491
39.9668
36.6796
36.8164
38.4014
40.2113
41.2192
36.4227
39.0391
37.1613
37.8324
36.6977
39.3166
39.9163
36.3209
43.6051
41.8626
43.3663
37.2954
40.9372
40.8734
38.7503
35.3812
36.5983
48.1166
36.2426
39.0798
35.5885
37.9501
38.6804
39.6951
41.9863
41.2574
37.6788
40.7192
40.1811
42.8182
39.7513
45.4331
38.0072
37.0594
37.3979
36.8353
36.4717
36.5097
40.5389
38.5349
36.7745
41.6416
35.4345
38.3729
38.6316
38.5078
44.2735
40.0139
40.2844
42.7015
37.292
37.2791
36.3254
38.7241
36.9022
39.2012
38.4219
42.5762
37.1175
35.3582
39.2185
39.0807
40.5102
45.647
39.2674
38.1659
39.6316
38.3499
39.3289
43.4375
38.0056
42.0891
37.3563
38.3261
42.0444
41.5969
36.28
42.1711
37.2043
44.0041
36.5084
35.9564
37.7017
37.283
43.1109
39.2829
42.4558
37.6129
43.8745
37.661
37.6456
35.2471
37.1196
37.8944
38.0163
43.8029
37.262
37.2706
40.6971
41.3184
41.1164
37.1477
39.2288
40.4935
41.0942
36.0627
38.7473
36.6792
40.2881
40.9886
42.3061
37.7532
36.3492
39.795
35.0123
38.1409
41.2103
43.4939
39.4296
38.022
38.9962
36.118
42.9771
40.1337
37.2511
37.3191
41.5853
35.8242
36.4896
36.7479
37.4759
37.1965
35.5978
41.437
35.8881
36.5871
33.8687
41.6992
47.0089
38.0476
37.9132
44.3352
52.4589
45.8014
37.4127
41.5942
35.3457
39.6308
40.2266
38.7544
39.7262
42.0669
39.4256
35.9192
38.2656
38.8594
35.3774
41.922
37.1875
39.6422
36.3844
36.5886
38.4747
39.3347
44.0011
40.2253
40.8615
38.2293
42.9698
40.5346
36.9401
38.6251
36.8571
48.839
39.8702
41.4488
48.7702
37.602
39.0865
40.9544
37.7429
36.449
43.7701
36.281
37.7161
39.6552
42.0368
40.0438
37.8306
39.0826
40.5331
41.624
37.79
38.4278
37.166
41.7658
35.6344
36.1682
35.0164
42.452
35.9646
41.443
37.6202
41.7143
36.2344
47.6011
36.8974
36.561
41.8799
38.5639
44.615
41.5708
37.4448
38.2254
40.4403
40.5748
46.493
37.2099
37.7669
35.4889
40.7558
38.3882
45.4343
37.5237
37.7238
39.7196
35.9588
35.495
39.5156
38.2477
36.6314
35.813
47.8478
39.6154
43.3262
42.7016
37.7247
37.4196
38.59
43.6281
37.9712
40.7679
39.7724
38.9111
37.1448
37.7225
39.3852
44.6123
45.5846
42.881
34.993
41.0057
38.4228
34.6747
38.6739
39.4094
37.3413
43.0833
40.9694
44.1857
35.9049
36.5215
40.1874
39.791
39.5735
36.3295
40.3195
35.5193
37.1153
36.1885
39.5738
38.0534
37.9794
40.1219
37.5806
39.214
39.3013
37.1675
39.0923
37.5417
37.6547
41.3368
41.261
41.0975
45.9785
35.4891
39.251
35.2198
39.143
37.0261
36.9336
39.3865
37.2847
37.9995
38.251
35.745
39.7174
36.1447
36.6877
47.4441
41.5211
43.878
43.8102
43.849
38.1206
39.4098
37.5638
43.1135
40.1079
36.4412
40.8502
40.0776
41.0872
38.483
35.049
39.0014
44.574
45.8841
40.3579
47.1914
41.0155
40.0165
36.2474
38.1141
37.6358
43.1018
40.3194
38.3302
35.2837
39.2195
40.9765
38.4156
40.4363
38.1183
37.6121
37.092
39.3664
39.7113
41.5505
40.0313
44.1771
39.7553
34.3007
41.7153
47.2782
41.4938
41.2116
42.6569
37.6144
38.265
37.9308
39.6363
40.8581
37.3592
37.2643
36.8587
37.8941
37.88
37.4062
39.8652
37.5852
40.5477
36.8113
39.4171
39.0551
34.9897
37.2886
39.5745
40.9916
36.8064
37.6248
37.0345
38.2682
39.5528
42.064
40.4671
37.5697
36.8959
39.0225
48.2653
35.0315
40.7741
37.6516
38.1042
39.7643
34.2713
38.7421
41.2596
37.7953
37.3135
36.9447
39.2306
37.4166
40.7358
37.3211
35.0236
43.3914
37.1099
40.9449
43.6181
38.5301
35.8996
36.5866
41.0228
36.6251
40.7711
35.8566
36.6984
39.4574
36.9584
35.1312
36.5224
38.9162
37.708
37.7259
36.7661
37.0464
40.247
36.2088
42.4281
38.3574
40.7169
41.8575
43.7279
41.0922
40.1075
37.8185
37.5741
36.8588
37.6964
40.1292
38.559
35.6796
39.7759
36.5876
36.3521
35.4217
40.0429
35.9715
52.0885
37.5176
39.9959
35.9078
42.6771
36.8541
40.1196
39.4748
44.6348
37.6567
38.7919
38.7103
41.5336
40.9152
42.0013
39.5993
38.0494
41.5498
34.9626
37.0013
47.9232
40.4547
35.4824
37.0153
40.0713
42.8295
39.7875
40.654
46.8128
39.9829
36.7245
36.394
35.7068
40.7661
38.6172
39.2857
40.8365
37.1278
38.4542
41.1234
40.6742
38.4183
38.3694
38.6734
37.4178
42.7851
36.3445
38.8148
37.405
36.9169
36.9691
36.5955
40.2738
39.9323
37.5246
39.3162
35.6435
37.544
40.9653
41.8397
36.2764
38.8154
37.2295
38.6321
40.6054
39.1262
38.0664
40.8491
41.2373
35.3033
38.3402
36.6372
43.5879
43.2285
41.6031
37.7187
36.5803
41.8574
40.6988
35.9989
39.5546
38.787
39.9042
40.0327
38.4781
37.6045
37.5064
36.4052
41.8982
35.9506
38.1406
36.2376
39.3087
45.0648
37.3519
37.7368
42.4284
37.2869
40.9428
39.3639
36.2992
45.1439
35.929
37.501
42.9497
42.7488
43.818
36.2157
39.4882
36.2154
34.2524
36.0358
42.3258
37.1607
35.356
39.8306
43.8921
40.5218
37.0719
37.4927
39.6738
37.8885
39.0717
35.7546
40.9401
38.2348
39.8052
39.3645
36.9716
41.3292
38.5267
39.2851
36.8998
38.5689
36.7279
42.3461
39.7453
38.2489
41.113
37.5108
35.7802
42.876
38.9269
37.8538
44.4683
38.4988
38.4848
40.2305
37.6242
34.4552
39.9668
39.8836
36.9052
42.2077
41.572
36.5006
42.8439
36.374
39.3007
41.3039
37.4317
38.086
38.9416
40.8734
45.2298
38.7761
39.9387
37.2894
35.7244
40.3956
40.8563
45.2841
43.5545
36.0067
41.962
40.185
37.0077
35.8772
43.8952
39.9016
35.2624
39.0798
39.6711
39.9411
38.0268
39.0716
46.4799
40.3445
38.0406
38.1635
36.5457
34.0537
43.3203
38.6925
42.8946
43.8766
37.6666
39.734
37.3144
40.1135
37.7876
36.6139
38.5276
36.3585
39.9146
41.4564
35.5278
45.117
38.381
40.0168
37.2848
39.6539
35.5254
40.5074
37.6321
36.2769
40.8402
40.2166
45.1629
39.5589
40.0355
37.0481
40.1915
39.893
36.4277
39.6174
38.675
38.6593
38.149
39.5503
41.6951
49.6413
44.8347
37.293
39.4002
36.3534
39.1118
37.6077
38.7368
37.6825
36.5879
37.7583
44.3044
37.9951
40.2335
45.24
45.808
41.3042
39.9067
43.5239
36.9286
38.6749
37.6626
37.4375
36.3745
41.7488
47.7652
36.7756
38.6823
37.0146
36.5325
39.5909
48.4375
39.8599
36.5889
41.0079
40.4803
40.2533
37.1051
39.5435
42.9886
35.6324
39.0527
41.588
44.1545
38.5413
41.2525
40.6763
36.3006
36.1192
38.4166
41.7744
41.57
39.1443
36.5364
34.9367
39.3718
39.7647
37.1896
41.2275
29.0504
34.8478
42.7623
36.9349
37.7024
36.5744
38.4219
36.0077
37.3553
39.0354
35.0042
36.1911
38.5634
40.3367
37.0506
43.1451
43.8423
37.3449
40.7443
44.2661
40.0407
36.5395
36.6092
43.3822
36.8822
40.1269
35.6409
36.3719
43.246
40.1291
40.5068
39.8311
38.8841
40.6799
41.9869
36.4306
38.4834
42.5651
36.4651
41.1346
39.1658
41.2665
42.0148
40.7731
40.79
36.3026
27.9521
42.6737
40.619
38.5277
38.0663
34.2003
39.5435
39.0724
38.4416
37.6654
38.6612
36.3103
37.3083
36.1099
37.0596
37.7992
38.8121
38.661
38.6082
40.8791
42.7932
34.8991
37.3031
39.9917
38.0387
39.2487
36.7028
37.4022
36.7326
38.7108
37.1022
37.7025
42.6616
37.4
40.3259
36.35
38.7318
40.2478
39.0512
38.5722
39.6354
37.4585
36.8009
36.4083
38.4374
39.1382
40.2981
40.0124
43.0833
43.673
39.6082
38.6759
44.081
33.7976
38.9034
44.9026
43.4148
37.8717
38.5336
41.704
36.549
38.2292
42.6427
37.2435
37.2567
37.6674
47.0246
42.3167
37.7341
39.5398
38.0685
42.6059
40.5576
34.7608
38.855
38.1739
39.4607
40.9737
38.9757
42.0085
35.8799
37.8637
36.3885
41.1445
40.7421
37.4483
39.2405
35.0367
41.9303
36.9449
37.1571
38.9925
35.4986
38.4776
37.5752
38.2195
42.2005
43.4669
39.9303
37.7517
42.6548
36.6936
42.0276
45.2387
38.4216
45.0078
39.3015
42.2135
40.0872
35.2538
39.39
36.9111
42.9685
39.4292
36.9042
38.2024
38.7759
42.2706
40.3086
39.7996
34.9516
40.3163
34.6319
41.8609
38.2577
42.6415
38.4416
38.7282
38.2537
36.603
37.97
43.3413
39.1371
36.0458
37.9936
36.5737
39.2201
39.1379
39.4595
36.6335
45.2354
41.9648
36.7001
40.9842
40.6744
37.7964
37.5904
38.4154
37.9984
40.0835
40.3128
37.8695
38.4731
39.0741
44.9124
37.0896
37.1449
40.7302
47.4147
44.0371
37.5752
38.4233
33.9955
42.6108
38.2392
39.9673
42.9587
38.4737