64.0669
43.8979
64.0931
45.73
56.9572
35.0237
38.7828
42.687
71.032
78.6706
48.9316
49.2862
41.5983
49.3509
58.4253
48.0026
64.9613
65.7886
65.0979
42.9288
60.8918
50.9255
50.9252
53.3433
60.3041
49.6872
45.5173
50.7504
53.1334
51.197
50.2774
39.4988
79.1031
53.3329
56.7124
65.329
55.7899
68.0902
64.3321
56.8509
67.8203
58.2446
45.3375
70.6126
55.0738
43.3934
71.8142
65.2037
54.5571
59.604
61.7975
44.402
44.1002
64.3279
49.8356
51.2833
77.2277
53.1731
47.3146
57.9228
51.3151
67.0386
70.0394
53.078
46.8335
55.8199
46.3883
55.8044
43.0647
57.8678
42.8952
47.3807
68.6677
62.7241
60.1813
58.484
47.4062
60.2378
43.7465
54.8299
71.59
55.7774
45.1439
47.9235
50.3888
48.5159
45.4895
52.6374
45.6031
62.0813
57.5362
47.9263
55.6096
73.5127
60.8308
72.8801
69.3919
58.586
50.7126
64.9544
42.4384
57.3708
71.0356
56.2258
50.1637
51.1325
51.3858
80.6705
49.709
69.5128
54.2235
57.6347
63.0326
41.1391
54.3833
51.8355
54.3717
66.8766
70.6818
58.3975
46.8266
44.5534
45.9485
61.99
54.1941
59.0221
48.6794
54.8151
44.3249
46.3774
68.5021
52.5523
49.7577
63.5694
46.9395
58.2357
49.4108
53.083
56.2315
43.335
46.6783
44.0175
45.1173
40.6041
43.9733
60.1879
53.0413
51.7312
52.0316
64.7011
59.798
62.8564
44.8608
59.8922
54.6358
46.3315
67.4902
43.6526
62.3685
53.1219
58.5261
41.87
45.5666
42.6537
51.0002
52.5808
48.9786
58.6956
63.7702
53.4416
49.2801
49.6518
52.4415
44.1678
53.0617
48.1321
63.375
68.5058
56.4477
59.6245
56.389
59.3818
46.8909
52.9302
66.8106
45.7995
43.8775
67.6576
69.1061
55.0549
47.2534
61.4533
59.0618
44.4755
55.5679
56.3961
53.255
41.2639
61.0121
80.53
58.6367
60.129
58.3013
49.5785
47.201
55.2623
64.5712
67.9986
54.3837
44.2928
51.8512
57.5847
58.7501
49.5548
48.1143
43.2667
56.6694
43.591
50.1351
54.5439
49.3743
55.3011
61.2812
50.1514
47.6803
54.3743
47.5382
62.5731
56.79
46.517
45.867
53.4926
40.8787
50.8952
42.5679
61.3364
64.4113
63.6501
55.5628
50.4898
58.3946
48.6007
42.0907
60.7974
51.6112
48.1914
49.2264
48.1893
56.2831
47.985
50.6868
55.8018
48.5782
48.5494
56.8755
53.7035
46.7512
48.5537
74.6327
44.5542
62.8129
60.9718
56.745
48.3417
32.273
74.8343
56.0513
65.7611
68.3401
61.3876
65.5182
61.2508
77.0729
65.6859
50.2514
44.8584
66.9228
63.5859
44.998
60.6327
68.1746
47.4616
56.2418
44.3357
54.0998
80.9925
45.7216
43.2129
51.0328
45.2585
49.8152
51.55
58.4895
52.7202
58.3928
46.0011
61.2052
49.3934
55.2662
53.4643
41.2983
50.6728
54.0481
43.4333
65.6552
65.5013
50.1032
63.3043
43.8932
50.9012
42.0264
55.5112
62.1961
42.2446
44.7835
72.9089
72.5434
71.4452
55.3174
55.8528
41.9659
42.1878
63.542
47.4779
51.4256
58.5629
51.7004
49.5115
43.6556
48.9522
46.4365
50.7647
52.75
48.158
49.7569
61.4999
15.9634
42.0439
53.8035
56.2475
54.7117
61.1092
54.3404
72.921
54.0846
46.5278
65.4686
55.7151
50.5108
48.2652
55.4248
41.1353
45.5121
56.4024
61.0984
33.3317
62.2433
45.8984
14.8902
64.9364
56.4239
45.6375
62.3421
11.1427
49.5365
55.4642
54.4545
69.3168
70.9155
46.6232
58.534
58.9428
44.0709
60.8938
43.9252
58.7017
40.1906
42.6864
48.5697
60.894
73.6676
54.8353
45.3479
53.3196
67.7684
58.8585
60.3156
43.9803
57.8395
54.4967
45.4404
44.2382
43.9321
54.4867
45.9757
64.7774
68.1101
43.0118
44.7388
44.8596
51.5926
48.4865
48.5393
48.952
47.0301
43.6321
51.6445
53.1495
41.1216
52.3035
63.9263
55.6256
45.6729
50.8416
64.6452
47.137
61.6502
53.0176
45.0429
50.2798
56.582
47.9106
42.512
50.9689
54.9311
45.2957
70.2337
47.5226
49.2056
64.5968
51.2866
62.1513
42.1607
73.9061
50.2885
56.1057
44.9437
43.5657
63.2091
54.9977
53.0464
51.0524
77.7883
57.0237
60.6431
48.3392
55.5615
47.5543
55.474
67.1681
42.8002
60.4171
57.9004
45.644
66.323
54.8367
55.4766
55.6378
62.0852
71.9026
47.9316
49.1787
61.471
54.5394
43.3305
70.3373
46.6765
44.5349
65.9961
64.5368
49.5455
62.5759
64.5057
51.7108
56.8991
47.5108
44.4614
46.3717
51.8976
47.4995
60.8499
64.7252
40.4313
61.6397
42.4934
48.3623
55.5155
57.9662
70.8491
48.9398
56.5293
49.7455
52.5153
57.2491
56.1911
75.5143
43.2482
69.0687
46.4535
54.4195
45.9299
50.0185
65.1584
48.996
63.5876
63.6536
54.9246
64.2221
41.2011
58.0067
63.7006
69.4834
53.4754
65.9705
46.125
48.5258
45.4713
44.8085
73.9691
69.9959
70.2692
45.7215
58.7802
46.6526
44.726
45.7506
49.9375
46.4015
52.4619
44.3499
46.075
50.4441
48.9648
46.6327
56.9174
63.3009
65.6611
53.6464
62.2416
48.4073
67.8893
44.4909
57.4094
50.2669
58.0663
47.253
42.6457
61.023
42.9951
43.6215
61.6074
41.7901
48.5928
69.084
66.1643
44.8982
49.7609
61.7789
52.3663
56.2237
50.1443
66.087
46.9935
47.3835
47.6835
83.7896
40.7218
61.8415
58.3587
55.1955
71.0994
55.1851
53.913
58.6571
57.5551
48.3115
42.5779
57.9912
50.3297
60.5326
55.4048
53.7518
65.7666
50.0204
49.7225
59.4054
45.6862
42.9102
43.3088
44.7285
51.8832
54.9813
46.5124
70.7436
45.1175
49.0921
51.7787
62.6551
48.616
47.8898
41.9885
48.1515
43.8379
56.8711
47.0955
55.463
79.7039
44.0353
55.1178
71.7291
55.0072
71.4445
49.4428
45.1184
53.2745
58.333
46.5128
59.6066
62.5245
70.5311
72.9603
51.9282
45.6655
79.0611
46.3438
56.6296
59.2842
56.6639
52.1965
45.1878
59.2753
49.3361
48.2139
55.4901
55.5779
65.7805
43.6264
67.5671
49.126
58.0086
47.2379
43.6964
54.3907
56.4698
54.0657
60.6022
45.815
62.8447
43.4682
44.558
51.8938
58.89
50.2287
45.5384
54.9585
44.6835
53.1633
52.0705
49.2087
58.7575
66.6483
45.451
47.4977
65.984
57.6325
67.0849
52.0931
61.5539
45.384
42.6117
49.8254
40.8241
44.6805
47.2766
48.9482
84.1576
57.7464
50.7453
51.6412
60.4424
62.1255
56.8356
48.2957
73.7267
59.3534
65.7521
47.6563
40.6185
68.7476
56.9709
53.8179
60.7094
66.2022
47.3644
54.87
49.0171
63.7015
56.0139
72.2064
55.4336
54.204
43.0909
52.6969
46.6516
65.5741
55.83
56.2285
44.0623
74.7326
53.4118
47.795
61.4
59.0787
42.9044
47.883
51.8363
61.0087
75.7936
64.0623
56.2615
45.5225
46.0747
46.2662
64.8545
64.2648
61.5796
39.5387
52.1314
55.5891
66.6049
45.6924
54.1194
54.0024
44.3928
59.0551
49.6655
70.1518
53.1125
54.3193
55.4802
47.074
47.5811
44.2854
46.4749
51.6813
43.999
52.3772
46.1911
60.1936
41.6855
42.7342
60.4859
54.5092
45.9057
55.517
69.0677
45.4843
66.8288
63.4814
63.8441
47.1431
73.3331
63.7797
51.4597
52.2253
53.4029
51.1216
49.7168
47.341
47.2411
60.8083
52.4061
58.6091
45.7126
53.3361
62.9204
47.5643
69.8477
56.2
65.2975
56.9008
60.6122
61.7357
27.4497
55.7581
46.6606
54.2328
41.7939
57.3084
47.9168
64.1941
66.6311
54.9382
56.5168
57.1071
44.4312
56.1989
65.6948
52.8272
57.4187
49.2907
57.2644
48.4472
60.8302
53.0748
45.3495
63.5453
46.3085
45.7674
45.3178
50.2565
54.0555
43.0277
45.3983
53.424
54.1367
62.9559
43.6701
65.9698
54.0828
42.4303
57.5293
53.8233
68.326
71.6804
46.7485
57.1529
59.487
58.1022
60.5376
49.614
63.6567
57.07
43.6413
47.3316
49.7377
53.3851
40.4574
44.1139
56.2729
67.9174
86.6384
61.6855
46.5478
76.0455
58.6027
74.4392
52.5583
45.6909
73.0449
72.0536
57.9199
50.1025
45.2393
62.2756
69.4664
54.6022
59.4254
69.7396
56.6656
66.879
53.6945
59.0163
55.8352
42.2078
51.5696
22.639
48.1472
51.7574
62.5062
59.37
60.2563
49.1516
69.9926
67.7996
58.127
62.8733
73.8873
60.2762
51.577
53.4643
58.8389
46.5148
48.0008
59.5251
48.1016
57.5232
50.4755
52.5163
58.4964
54.7604
46.541
59.6915
46.625
41.4676
47.718
56.1751
64.9055
49.3959
46.3677
69.3449
67.487
68.8884
52.3802
81.5297
43.9677
42.04
50.7814
45.4728
64.6893
57.8448
43.1191
55.86
42.3986
48.4924
44.2688
60.3658
61.4558
64.1046
52.1988
49.4695
62.6536
45.0094
60.1955
50.6817
53.3048
48.3707
65.2984
58.1033
60.9565
51.8133
54.1236
48.243
54.7499
56.9703
46.6243
50.6271
78.7862
43.7887
59.1672
69.4905
45.8303
49.7064
52.0212
51.969
48.8489
77.5646
52.8629
54.0421
42.0615
43.4125
65.6195
68.0663
54.8267
49.0464
41.3065
41.4454
68.5659
52.8401
64.1461
31.4168
61.2304
47.9294
50.5821
56.5389
76.6508
55.083
44.8869
46.5268
65.173
53.7041
68.967
75.5636
69.6335
59.4168
65.4567
67.6668
59.3479
63.6003
57.3294
50.7657
74.9569
42.2589
65.4831
71.9045
47.7936
59.8058
53.8002
69.3288
53.8188
41.4318
65.2144
48.625
44.8675
59.6328
70.6811
61.5421
39.8522
45.5581
42.4763
