82.3703
93.1758
83.1682
73.8111
91.4991
76.463
68.4726
75.9496
82.0065
77.6187
76.593
70.1181
72.0131
79.583
39.723
71.2788
72.0872
81.0183
70.888
71.5049
81.0676
70.1122
52.6061
81.6225
35.9657
83.2392
71.7206
91.4565
90.8119
77.5215
85.3487
78.4902
71.9831
71.9462
102.754
99.4618
73.8579
73.0391
94.4651
90.8555
89.5371
82.4366
37.8568
73.8528
73.1792
90.6345
79.0453
74.6526
53.8003
72.497
69.922
83.1606
71.0868
72.2311
90.8946
70.1404
76.3664
89.8975
75.9965
59.8304
87.6107
76.8996
70.956
80.9349
88.3626
35.8764
77.9985
80.4871
72.4555
69.5809
42.2447
90.1106
40.8811
87.3186
69.4703
93.5088
86.3705
71.9908
72.8576
84.9593
74.3224
83.9645
79.0774
74.3115
72.6268
92.308
69.7769
73.4791
104.738
76.5958
94.8077
88.3292
75.1373
85.6263
82.1844
89.1194
71.2606
75.9734
71.4093
63.1685
61.4639
70.9398
81.8426
55.1927
77.8931
54.9262
74.8617
71.4907
74.0014
54.0152
51.1154
56.7918
78.957
76.4555
70.8878
69.7531
68.7013
105.061
72.3443
81.3383
77.5488
68.8324
68.9066
77.4266
106.349
49.8382
102.824
61.6279
75.9626
69.5734
62.6876
75.0153
45.9835
44.3934
71.7259
39.3506
72.8471
61.8082
80.8221
73.8403
90.9468
88.4038
76.9517
78.4926
73.9109
82.9356
95.9746
87.3852
71.9319
84.1636
74.8744
80.6842
56.0881
51.0925
75.783
80.202
88.0296
60.382
97.8147
83.1552
99.8114
86.7174
96.8636
82.8864
89.3059
94.7352
69.5364
84.8763
74.7131
73.3533
80.6559
86.0008
96.3126
98.3001
100.199
81.0514
72.9822
70.4825
70.1261
50.6096
97.364
42.6241
95.9742
72.4167
79.5619
92.2951
78.4587
69.312
72.4066
73.4426
72.6139
71.8857
71.6855
91.9732
32.1099
83.6352
72.3546
70.0506
84.9142
102.333
75.367
70.0283
58.5161
71.3286
76.7084
93.0423
70.6456
89.3714
63.0156
72.5754
87.4854
51.3097
71.2449
86.7799
70.6978
98.5366
69.7775
79.8972
72.5688
97.9369
72.1822
72.0047
72.6805
97.1043
70.3638
39.1394
70.1708
82.862
84.7817
76.3182
73.27
82.2806
77.2879
78.7311
72.672
55.4456
69.1251
89.0265
72.39
75.0819
79.6282
79.2703
51.1306
101.727
80.9203
45.5885
79.7276
78.6545
47.7225
72.0052
75.0616
94.0319
49.5936
72.0103
83.2977
74.694
75.2561
72.7659
69.418
70.1833
70.4092
56.138
72.8357
69.4208
75.3267
95.2447
72.7754
81.2432
68.4249
94.876
54.7654
69.1248
99.6529
85.8709
96.4465
84.5087
74.0097
94.7345
35.1716
74.8156
70.2589
76.8549
95.3198
68.85
74.2759
37.2148
74.4147
57.9982
73.6781
71.7507
75.3678
78.9212
72.2143
90.6339
78.4394
102.098
71.7116
74.2127
54.38
85.0108
88.5224
90.4838
34.8891
54.8476
57.8825
108.853
72.693
39.7006
70.5204
71.6585
78.3876
82.3284
96.4881
74.3254
75.0144
76.5142
71.4968
82.0093
76.5309
75.0433
89.5082
92.1989
39.7302
71.0291
71.9043
83.4287
38.3731
100.677
89.5248
96.4866
76.7227
37.127
68.6297
83.9529
73.1276
73.8488
84.1286
72.5264
79.2885
73.2116
77.6945
48.5458
91.2225
72.9882
104.208
47.9039
36.7314
40.2152
95.9345
13.778
96.8754
80.095
81.6949
73.488
79.0279
48.5205
102.497
92.2993
69.0943
86.7828
100.105
52.0784
81.7729
97.5091
85.9423
79.0199
72.2507
81.8536
83.4464
92.8123
72.8509
83.4963
74.3068
82.9123
56.9581
82.0664
94.7456
83.9103
83.5437
82.6962
72.9608
101.791
112.612
83.6996
79.6819
52.5474
73.3307
72.5758
73.2925
24.543
63.2847
75.1267
104.454
37.2091
76.3613
85.3353
43.4673
38.4117
74.7843
103.785
46.0724
72.7879
75.5129
72.5156
73.7527
70.9565
70.7149
81.1261
72.7001
75.1516
105.101
96.6268
84.6452
70.128
50.6213
71.1262
71.4767
82.6314
69.7239
100.401
74.9502
97.3674
83.9575
88.1938
75.9486
73.2409
72.3445
82.1912
75.2246
79.1529
73.3804
70.9203
81.2478
76.4801
80.2928
71.3557
77.496
81.0669
49.7634
84.5152
60.7464
53.4104
72.1178
100.878
70.3309
70.0752
69.0456
74.2499
77.8631
82.4551
71.4449
69.5677
88.9512
81.2022
73.9691
89.4335
80.9949
53.3327
78.2388
74.8936
78.2616
100.252
70.5337
49.7774
77.6175
51.2912
73.9922
81.3291
72.4846
72.6936
72.1569
83.631
70.3881
74.3695
76.7272
77.0497
71.45
108.543
74.3777
32.0564
77.7802
72.0339
69.7
83.8149
70.373
105.215
102.791
96.727
81.4119
103.61
72.2238
69.555
72.8142
76.7692
76.0706
75.1889
70.5532
72.6577
34.9462
107.225
93.3313
70.9045
76.0228
69.3704
79.4996
76.3903
70.3965
72.4153
73.6128
77.6543
72.0212
69.9223
69.1379
74.3018
83.1241
73.902
70.6481
72.082
72.5288
70.8889
87.6383
72.7666
96.6937
89.6888
58.9179
78.7728
78.2824
109.311
70.6863
93.1036
83.0115
72.1583
89.097
94.4733
96.9931
76.0949
90.5821
41.6988
95.5041
69.9328
82.7635
108.199
73.6958
97.9361
88.9122
42.3975
102.7
71.2604
98.9217
52.9478
81.1002
89.3966
75.3956
81.719
78.0124
98.8678
97.1884
86.3559
79.6587
72.7416
37.8655
74.3873
73.3574
78.3232
72.3189
91.8624
72.5347
80.9896
74.8405
74.9122
73.9965
91.7517
73.2918
76.4242
70.9021
73.9759
85.5521
90.8026
35.0926
55.7016
73.3487
72.8478
78.6507
76.9865
83.7637
95.7341
81.1578
81.345
77.4607
76.8279
71.1793
96.5577
83.5502
73.1347
31.7835
98.0493
72.1356
49.1925
74.2328
100.129
61.6256
98.6343
86.4538
47.7401
75.3728
92.0488
69.9719
72.3082
71.4975
77.482
72.4461
86.8911
77.9663
73.059
77.9118
81.5498
49.4568
99.3544
44.9337
82.5774
52.4496
71.3555
88.949
96.6973
71.1893
70.38
89.7829
78.916
90.0691
78.4143
88.5089
55.0933
62.7962
72.7045
81.2036
83.7987
71.8654
70.7838
87.8728
80.9314
72.2035
50.7638
72.9176
76.0681
73.9795
74.1891
47.7079
73.1029
72.143
77.1308
86.5462
80.4843
80.5071
103.533
40.8678
70.8735
68.0763
79.8429
98.0421
76.8261
85.142
71.7285
60.9985
44.9665
72.8173
72.405
90.438
72.5281
75.486
80.5946
76.2999
82.6591
102.917
74.5872
70.0063
80.3412
87.7911
50.3573
76.2654
74.2266
77.5809
92.0172
74.3714
99.9114
71.6496
90.2105
94.1475
61.1067
81.8647
75.7211
40.8808
86.9971
92.7028
87.4566
30.9081
96.2125
88.764
77.1338
82.3414
45.0031
76.7189
71.1899
71.9112
70.1845
75.7554
74.3777
71.6562
73.6507
97.5999
94.76
76.7712
33.5614
84.0828
91.5858
63.5557
79.1455
89.4246
76.555
75.9477
97.3175
83.6112
47.5166
92.6046
70.4448
68.279
70.2375
70.0892
70.0455
79.5106
74.6741
95.4718
96.4782
72.8742
103.671
44.8305
82.2283
73.491
51.1222
83.232
71.656
72.4204
70.8421
71.8922
45.0555
79.6392
76.4643
70.5628
74.5859
73.1453
74.0797
85.2942
96.2869
49.8305
78.7628
94.4405
81.2117
85.4676
82.8073
104.823
70.81
70.8479
103.052
33.385
75.8637
53.052
86.9983
76.1356
75.0637
75.4962
84.8147
94.1907
43.2512
89.0891
42.9106
33.3913
81.337
72.1698
69.5528
77.9082
57.2552
88.8165
76.5528
71.6913
96.4039
74.6818
70.6993
87.7806
70.5021
84.8888
75.9712
69.176
81.4377
74.4151
83.4069
76.4842
69.8639
82.7897
69.3016
94.1311
97.0297
84.4654
75.471
80.593
33.5854
90.3752
66.3803
43.655
75.0495
73.6818
80.823
94.0953
100.554
72.269
70.4501
85.2439
48.0688
88.073
84.7163
76.5191
38.1547
75.6691
70.4591
78.0956
86.8531
74.9332
100.553
81.0846
85.8412
58.8779
78.5592
102.568
97.1943
86.4294
63.5203
58.2023
70.6737
45.8982
76.1683
76.3403
92.174
92.3304
73.7417
77.4717
75.9756
64.3554
80.1502
89.4622
47.7011
97.3947
54.1609
85.7925
77.955
62.6429
70.6736
101.771
76.8173
78.5025
56.9962
82.4595
83.1281
80.3882
81.8732
42.5732
58.4294
77.7864
74.9933
46.0093
101.079
86.8573
88.8799
73.1347
65.254
45.8832
70.9551
90.1461
86.5755
37.8291
86.3473
71.9472
74.917
65.6234
90.3786
72.0577
87.7351
75.0441
87.2461
43.6549
81.7492
73.704
72.7469
67.2617
73.9057
69.5544
82.483
81.7648
69.9006
101.098
87.3438
105.205
27.6984
55.9248
79.8938
87.9713
55.3432
55.9434
71.6183
61.6584
97.1054
55.175
84.0837
69.4305
78.9404
88.4445
73.2965
100.783
46.9663
73.456
71.7737
73.9912
70.5133
72.41
75.701
102.414
77.3915
77.9959
43.2988
111.764
86.3288
94.565
60.3415
80.3729
96.7014
83.3487
82.9853
76.8252
69.5585
97.1769
99.4657
80.5938
84.9573
101.328
85.5984
97.0237
79.0142
98.0999
39.4013
72.0141
36.7502
63.6921
84.8067
82.8075
53.0757
108.303
69.9768
70.6622
101.463
91.5035
32.1756
87.4296
85.0151
88.9031
83.0195
67.8658
108.733
79.4161
82.2201
76.6499
71.1544
79.2611
72.0559
103.345
79.6884
72.8989
79.1562
40.8551
75.047
85.8019
54.1292
79.0302
93.4271
68.8917
53.596
72.5324
74.9007
97.9613
99.9419
51.8263
75.3593
84.3953
73.8403
82.8279
77.9416
73.866
71.6645
77.3209
94.7911
77.3989
80.2589
79.6886
30.0715
