39.4156
43.4665
41.2299
43.0891
42.5976
39.4842
40.903
46.5211
43.4007
43.6467
38.3596
41.9762
43.9716
37.6811
45.0762
40.3372
40.0962
42.2885
45.443
42.8984
40.9865
38.7192
40.6467
42.3937
39.07
42.3795
43.3409
40.056
44.0799
40.3833
40.2146
41.635
43.6141
44.4285
42.0603
38.2272
38.4345
40.9644
43.5164
42.3951
39.6638
43.9199
41.6214
43.0999
42.8189
35.8921
43.5292
40.4339
38.0023
40.2424
40.7724
40.5445
40.1814
42.6623
42.5341
45.9896
44.255
40.6543
41.3745
41.2944
40.9499
43.9678
42.1837
44.9679
40.6341
39.653
40.997
47.5611
42.9361
44.5195
43.5819
42.1944
41.4181
38.1856
42.6357
45.2936
45.1097
43.1347
41.9472
40.7762
43.9952
46.8524
41.0647
40.2928
41.1463
42.4935
42.1933
39.9294
41.5556
42.2454
40.6428
41.9784
41.234
40.8666
41.5214
39.8334
40.7119
41.5209
40.7187
40.3877
37.5854
42.7434
41.0945
41.7602
42.4447
46.2015
42.4907
41.6118
44.682
42.323
37.7416
41.2376
41.1965
42.7937
41.5268
39.2685
39.8978
40.4019
44.5358
42.5422
38.8119
41.7175
38.7424
41.9472
46.5417
45.4202
43.6625
38.3655
45.2142
39.4212
46.0041
40.5581
43.9024
39.1961
40.1748
42.5917
41.71
40.6191
46.508
41.1215
42.3474
42.0143
42.7571
46.8679
37.4561
39.4419
41.1845
40.7092
42.3931
40.4492
42.0165
45.663
45.3618
44.4797
39.7406
42.2236
40.3742
39.9641
41.5387
40.4479
45.3476
42.9383
40.4124
41.763
41.2911
41.0094
43.8529
42.0655
39.7771
44.4228
42.2078
41.148
38.3641
45.7243
41.9708
42.7183
41.6987
39.6667
38.5957
41.319
50.6249
40.5153
46.2742
42.2841
42.8967
42.8762
43.7236
40.4739
40.0882
39.66
38.5933
40.7198
42.7669
42.274
40.8891
41.0133
43.2
43.0244
43.8577
37.9796
39.1781
40.6901
42.0736
39.6729
38.2432
42.1833
48.8556
42.5288
42.4318
49.1212
42.159
43.2915
41.1314
42.8108
40.7982
47.4324
45.2686
44.7182
44.2797
43.7869
42.6532
49.1635
40.0052
41.2147
40.8077
41.7869
43.5975
42.628
46.5148
38.582
41.2149
41.2117
40.812
42.8968
41.7937
40.6162
43.3598
42.8191
40.6125
39.2184
39.9169
43.0159
45.6865
44.0115
41.3785
40.8404
37.7186
42.5911
39.3822
43.248
49.5175
45.3911
42.6284
45.9608
39.5982
43.5279
40.4311
42.3738
45.9351
39.0685
41.4001
40.7819
40.2495
42.2137
42.355
41.0767
42.365
44.2213
42.2804
45.9632
42.173
41.722
48.1323
39.607
43.896
41.6727
39.1794
41.6177
43.9097
40.6883
42.5202
39.6613
39.9005
42.8499
37.2844
42.7197
41.4856
41.0365
47.6737
39.2701
45.1826
46.2611
43.7956
42.4992
43.9789
41.0027
40.3326
42.7525
41.7559
40.9435
38.3535
43.47
40.8488
40.2103
44.9873
38.7693
38.0887
38.7928
41.9386
40.9988
38.29
42.5981
46.2537
41.7725
41.4682
45.3989
40.7707
44.2825
40.9535
43.359
39.8239
40.7891
41.9794
40.8975
42.537
42.4766
39.206
36.5569
39.0595
43.5181
41.3027
41.781
42.3348
39.9562
40.8046
40.3692
40.92
39.2498
44.2636
40.823
39.4592
42.2934
44.6448
42.0699
40.8638
39.5469
41.4008
43.3214
43.9841
39.3998
39.4025
40.2564
41.6491
40.4383
44.083
44.3431
48.1509
46.5693
42.6664
44.9974
40.8059
38.9583
40.9639
41.9804
42.2099
44.0688
41.7598
41.8436
43.333
43.2186
40.8831
46.9966
41.4647
40.016
39.1007
41.9018
38.9786
39.6207
42.4401
41.2638
45.6821
38.3506
40.743
41.9009
43.0285
45.6688
41.5606
40.9603
39.2546
42.9518
41.1056
42.0682
40.3216
37.8252
43.547
41.6146
41.139
41.246
39.0587
39.4198
40.8172
37.0701
43.1798
41.4896
45.4907
38.8083
42.5356
43.6643
42.0074
40.4945
41.6516
38.1332
46.8424
41.2542
40.0105
40.9185
40.7377
41.3156
41.2961
39.821
41.6611
42.5431
40.7511
41.3187
39.8828
43.2387
39.0354
41.0632
45.1819
40.2484
42.7308
39.688
40.7852
38.8069
39.0534
38.1774
44.3386
42.9068
39.2528
44.4619
43.9646
40.4274
41.0509
48.862
38.1233
40.7088
52.1584
40.0837
42.0234
43.2359
38.9996
40.3074
43.446
40.4533
41.2148
44.6311
44.7592
40.0115
42.1779
41.9956
44.4153
44.4984
42.6767
42.388
40.3469
43.5978
41.8863
39.6526
40.0218
41.2651
40.7504
41.4107
43.7147
43.6106
40.6122
39.8631
39.7295
40.8052
41.0253
41.2742
43.0389
41.2429
42.3949
40.2805
47.875
39.011
43.906
43.0875
41.7424
39.8052
41.71
41.332
39.3545
41.4338
49.4838
40.4287
39.6646
39.4412
46.3296
37.088
42.6659
39.7909
42.0015
40.9866
41.6571
44.1177
40.9584
43.3862
44.8614
39.1583
40.8128
43.1506
38.857
40.7561
40.2708
43.3741
43.2454
39.5815
40.3764
46.4107
43.5281
40.5975
42.2763
43.4914
40.4779
44.6329
43.9343
44.1124
38.9433
41.8961
41.16
47.841
41.8171
42.4874
41.8023
40.9137
42.2767
43.8186
39.7177
42.6007
43.2481
44.5938
45.2878
38.7969
42.7803
39.8209
41.6466
41.794
41.2467
45.3684
42.914
45.8807
45.2891
43.6334
38.5162
41.8765
51.542
43.5949
40.2993
44.6492
39.2437
39.5557
41.7968
40.8211
42.0188
42.3792
39.6452
40.5349
43.1658
41.6865
43.5804
44.154
39.8093
40.6919
38.9203
43.0683
43.8981
43.0782
44.3728
42.8043
40.0016
42.8209
42.1241
39.3398
40.6759
40.2254
42.4739
47.1169
42.4368
42.1508
44.2831
45.6841
42.5202
42.6322
42.2394
43.4996
43.3029
40.8491
47.521
33.9589
44.6039
38.7382
42.6043
39.7074
47.0216
45.382
44.4363
41.0433
41.8089
38.9262
38.2878
46.3159
43.1732
39.5956
46.7201
40.6281
39.637
40.7874
44.4851
43.763
40.8469
33.0311
44.1091
39.0685
38.587
43.7018
48.2409
40.7876
44.5569
43.276
49.4893
40.6602
40.1142
42.9233
39.9581
44.4418
45.5124
40.15
38.5171
43.8201
42.2271
45.6483
42.282
45.7292
41.6988
46.7381
38.9954
41.9736
41.4877
40.4272
38.4089
44.2643
41.8737
39.9634
43.0096
40.5394
35.6676
43.4554
41.0506
43.3835
40.1835
44.1179
42.5296
44.0683
42.4505
43.9785
38.5485
43.9892
45.6838
42.1768
41.5897
45.6879
38.5591
40.3014
44.2481
39.0142
40.2917
42.0964
38.3745
44.0831
43.2642
44.5713
42.4667
40.447
45.6152
42.3338
45.2352
39.0459
42.7698
41.8727
46.2528
40.6142
45.2345
43.9731
41.9531
42.2512
37.8095
41.4991
40.553
38.692
41.124
42.556
41.2588
42.1649
44.9462
41.8961
42.8255
42.3432
41.6711
45.1269
40.1527
44.5039
42.521
41.0955
41.1607
41.4189
40.7463
40.7947
43.4619
39.1904
41.2391
41.0892
39.3238
43.8273
40.5039
41.3389
41.6649
38.8929
40.5464
40.4437
41.2736
38.5292
53.6183
40.2307
43.4698
47.7965
43.1079
47.6243
38.4238
45.4397
40.8626
39.9137
39.2789
40.248
42.3909
41.7686
43.5095
40.7709
42.0876
41.7898
45.8666
45.2923
41.3492
41.6805
43.1122
42.7617
44.628
40.5624
44.4365
39.0927
40.0096
40.1432
42.9924
40.5667
42.1495
42.0829
42.8555
44.7904
44.1007
42.7156
32.9868
41.6463
44.2328
41.0157
47.1032
38.9318
41.8443
40.0836
40.5087
45.2587
40.3851
40.8189
46.676
41.6305
46.6254
39.4797
42.1873
44.6417
24.7637
39.8793
43.1023
42.7439
43.547
40.9891
41.5639
42.4499
40.995
38.6402
42.4558
39.3847
44.3752
39.1549
41.8652
44.8577
46.6746
41.2592
42.8432
41.0161
39.8442
41.8184
40.4026
45.3819
40.9229
38.9619
41.5524
41.9671
40.8862
42.8579
44.2637
42.776
43.065
34.6791
39.246
41.4413
41.4363
44.3738
43.9383
42.2807
45.6206
38.0588
39.5076
43.2136
42.5116
39.8805
38.4597
42.9999
39.9088
46.258
41.9609
40.9195
42.5951
42.2336
42.4335
40.5637
43.2472
40.7154
37.8503
41.9672
39.2633
43.4624
40.2369
41.9801
39.7358
43.3343
40.4838
41.4984
40.0048
42.4279
40.3886
45.4864
39.0079
39.3695
38.4723
42.5223
41.3048
43.0437
38.1697
41.7215
39.7093
38.7651
47.205
38.5651
43.2216
43.2707
28.9491
40.9854
41.5916
42.1538
41.5332
41.4576
34.0756
43.3541
42.7371
45.3838
42.4134
40.0301
42.1457
30.7047
40.2417
40.7338
40.784
39.9387
41.513
47.4221
40.9088
40.8102
39.4398
40.4575
41.3361
38.843
37.1918
41.0287
41.4869
40.273
45.1419
40.5697
39.5934
44.2021
41.4587
43.3671
37.6609
46.1657
43.1015
41.3492
40.2904
39.766
42.1864
40.7012
39.966
42.5879
40.9932
43.7744
40.406
40.368
40.0018
44.6481
44.6561
40.9202
41.502
43.9848
42.078
41.8941
40.6883
47.4379
44.7052
42.6784
40.8802
45.3372
46.0872
44.1381
44.133
42.3888
38.0892
44.3366
40.539
39.6307
41.1993
41.2657
40.6934
42.7368
41.6257
38.8207
41.4926
45.0428
41.2799
38.2412
40.1029
46.0566
42.4707
41.7469
40.6726
40.0738
45.4373
41.6443
37.5644
42.9943
39.4998
44.0889
39.7679
42.477
43.2073
42.6824
43.4191
45.379
42.7262
39.9761
41.5004
40.3224
41.1355
41.5074
42.8432
39.6741
43.3385
42.4986
38.8993
48.4107
40.7618
43.7766
39.5848
40.4923
40.5558
43.2982
42.0799
42.5934
37.5358
43.895
39.449
42.5224
48.265
43.9596
