39.406
36.2295
40.4438
35.7525
41.6131
47.8135
37.2253
38.0862
47.9566
40.9202
39.4829
39.9766
35.7793
36.1647
39.8149
37.5421
37.1497
44.7281
42.0499
36.234
37.1224
35.3706
38.5503
36.0917
35.8386
39.4141
39.4448
39.1962
41.0218
37.6503
39.3474
37.8148
39.6768
41.9349
41.76
41.5044
40.5329
38.2469
39.6634
36.5823
42.1962
43.1831
38.5015
40.0945
39.4307
37.2774
40.7381
35.1181
37.2769
39.3876
36.6228
37.5505
46.2494
37.4328
39.1853
37.2174
39.6144
40.6953
40.1825
35.6198
38.114
35.4382
38.2835
39.4994
42.8181
37.4067
38.7868
42.0691
37.5183
37.3144
40.0841
49.332
40.3835
38.3714
38.4241
38.7866
35.5373
38.3174
51.9193
38.6794
37.0529
42.9726
40.6954
39.1377
39.4905
37.9417
45.6805
40.6806
37.5659
38.5755
37.0074
38.4384
38.6006
40.4907
37.1076
37.5174
38.6162
37.2871
37.5588
38.832
40.2617
39.2964
40.3165
37.2505
44.6816
42.1132
43.2903
38.483
37.62
38.1118
38.2063
36.6416
38.3192
39.6506
36.7379
42.8469
35.7975
35.7852
40.744
38.0393
37.5334
42.1669
42.7811
37.4247
36.3643
39.4675
39.7717
36.2439
39.009
44.8524
39.3337
38.5681
42.4245
37.5704
39.0235
39.3631
43.3564
45.7128
41.9432
38.3504
36.8313
38.5767
37.8912
38.2585
38.1036
37.9751
37.1613
39.7347
38.3199
44.8757
35.5431
37.875
38.5899
39.7873
37.5718
40.7865
38.6015
36.8911
41.4596
41.0997
39.662
39.8383
43.4511
38.2076
37.0258
40.3183
38.3492
38.4987
41.2756
35.635
41.0638
43.4421
37.0086
45.8416
35.9169
36.66
39.4871
44.151
41.3295
39.4162
36.8843
40.0174
35.9888
36.5141
44.6553
37.7627
34.3694
37.6072
46.8426
36.7662
38.5175
37.6372
39.5148
37.0294
36.9465
35.6777
39.2096
35.3733
37.1422
40.4687
39.0928
39.6814
37.9198
39.1881
40.7712
44.5254
40.8802
36.196
37.7012
41.2259
39.8111
39.1479
37.9298
36.7575
38.6295
43.8486
39.9151
40.2399
42.9532
38.7341
42.9224
40.6623
43.1916
35.5293
36.5731
43.3497
38.4075
46.2447
44.1585
43.6038
37.8538
43.218
40.4176
37.2733
37.0918
35.3487
38.3758
37.6314
41.5866
42.5674
41.488
38.2525
37.5366
40.5826
36.88
41.6976
40.0436
36.0659
44.4123
35.3472
39.1024
36.527
39.5826
42.993
38.3356
44.3046
42.1352
41.8659
41.9351
36.4466
46.7279
37.2578
37.7099
36.7641
40.491
36.2107
44.8204
39.3432
40.5106
40.6088
49.7948
40.3742
40.9276
40.7624
35.9234
38.8533
38.1316
37.8552
36.4561
35.8395
35.542
41.2731
36.4884
41.3614
37.3275
38.2252
38.8134
43.6775
42.9617
38.2226
40.1192
39.5517
38.4085
38.6919
42.9199
48.143
39.3402
40.5201
42.7151
42.6538
40.9983
37.8596
41.9959
39.1726
38.016
41.1745
41.2087
36.7473
36.2587
39.4862
38.826
38.3787
36.6915
42.6719
35.4922
36.1
41.6014
38.2252
38.9831
35.2934
41.5789
34.8737
39.4691
39.1011
39.6632
40.015
34.4646
43.331
41.1723
37.4326
44.2219
39.3143
40.7163
39.6922
37
38.6033
37.5739
37.3199
40.4578
40.0862
40.3042
42.7383
36.6009
40.422
41.2684
42.8188
41.0818
41.3102
36.8245
37.8696
40.2729
38.0253
38.4623
39.2892
41.0556
47.4039
44.9287
39.7427
37.7639
37.2089
38.1239
37.6225
37.2419
37.8202
36.1419
39.0193
36.71
38.3524
38.4694
38.5672
36.446
38.019
37.7111
37.9633
46.9201
40.6445
43.2133
40.3067
40.1745
43.8273
38.8328
34.7601
40.257
46.6805
43.0039
40.0763
44.2301
42.746
42.9958
41.718
36.0893
38.6296
43.4782
40.1693
35.2538
42.0859
41.5767
43.1274
37.6456
38.5732
39.0808
41.4763
42.5975
37.6374
37.6433
38.4166
36.2767
38.1356
35.8637
37.8969
36.3468
42.9997
40.8458
43.9264
41.4412
37.564
46.044
39.8035
38.1521
37.4574
38.0061
39.4664
38.6731
38.6887
44.749
38.9014
36.7523
34.6575
40.8022
40.2188
37.8252
38.0325
40.105
41.5083
38.0665
37.9181
40.7292
37.8932
39.3595
40.3912
41.027
36.3569
41.3079
38.4291
41.3007
42.2626
37.96
36.4789
38.7948
38.1391
38.3934
45.6398
37.3364
35.2858
39.0037
37.6878
40.2735
40.2803
39.4504
39.5497
37.4934
38.7359
43.8363
37.5501
37.0663
39.6104
37.9342
38.2913
38.4476
39.0492
43.5694
40.3949
42.6436
40.3792
37.0925
43.4967
40.3382
38.2314
40.0889
35.9652
37.1016
39.7451
37.4183
36.2742
39.5867
36.7359
38.1622
38.5467
38.0108
42.0648
40.7581
43.5628
38.6217
41.4797
38.6626
37.5038
42.2522
48.0483
39.8705
36.126
40.4642
40.4267
42.746
38.7556
40.5626
41.3021
36.3729
37.7249
36.6841
36.0936
36.6149
38.1817
51.3463
39.6252
35.2403
40.2731
38.3467
44.6249
39.5776
41.5204
39.0046
38.8663
37.928
39.7034
37.66
41.4774
39.2191
39.5769
40.1764
37.8729
38.6354
35.5128
37.5151
36.7299
40.8501
38.4976
38.76
38.3018
37.5569
46.9019
40.4703
41.444
36.4838
35.9266
41.2234
40.453
38.0476
41.0729
37.0732
38.2996
41.4569
41.6078
38.132
39.0808
38.8569
36.6353
36.3689
37.0537
44.1231
40.2231
36.0319
38.9637
41.3224
39.2665
36.0493
38.1778
39.3143
39.0966
42.3447
39.6282
40.605
37.5268
36.1543
38.4697
36.6956
38.6389
44.0102
40.7533
37.7958
35.9958
41.6088
41.2511
37.8301
44.5589
36.2723
44.5865
38.1543
36.6327
42.4271
35.5936
42.1
37.3107
38.0495
40.2705
40.2216
38.4338
37.875
42.1838
38.3959
39.0313
39.8649
40.5695
37.9553
37.8462
43.2633
39.6263
37.059
40.1282
37.9291
45.3253
40.2299
36.0702
41.1239
37.4185
41.2827
37.2457
40.8023
37.8107
39.959
42.0301
36.425
42.8877
42.461
37.8103
38.6471
40.1592
36.8949
45.2198
43.8283
37.6182
39.6942
39.5686
35.558
41.2163
38.5274
37.1535
43.0348
39.0991
38.1047
36.7807
36.2812
38.7993
41.7971
41.1774
38.06
35.508
41.6908
41.843
43.3481
45.785
38.4111
40.4664
40.5605
40.8411
37.8609
37.9651
45.5437
40.0946
36.6908
40.9035
37.602
44.0585
39.9787
36.0093
38.8704
39.7218
41.6021
38.3956
38.0779
38.4865
42.9284
37.3568
42.4049
39.5982
43.2623
39.2642
38.6207
47.0791
40.8033
37.641
41.0167
37.0277
45.4905
37.6879
42.3939
41.711
40.764
45.1486
36.6663
40.2451
40.2721
39.7871
38.57
41.2716
37.276
38.8569
40.8096
41.3485
38.6347
38.5565
34.768
37.8375
40.8426
38.4818
40.6769
45.8466
41.7435
40.3419
42.394
37.1144
43.3389
39.3397
40.5506
39.2905
36.3616
38.588
40.1
40.4817
49.1474
41.7322
37.9344
36.7298
38.7056
40.3715
39.343
39.8402
37.1827
40.9794
44.0002
34.9259
40.8533
40.1187
47.3514
45.5385
38.6496
38.0185
41.1099
45.2519
37.3765
39.7197
37.6951
36.7591
42.3499
39.562
37.524
40.2852
36.9694
38.4007
39.501
38.7507
45.165
41.5896
37.6319
41.6862
39.2133
39.0309
37.7698
35.3601
39.6786
47.1413
39.0968
37.5706
36.7549
37.3954
37.7212
39.5133
41.0841
38.1426
42.0864
39.8799
36.7734
39.0801
35.9093
39.8092
40.5208
38.6905
41.1239
38.4938
27.9986
45.275
43.1646
38.3623
44.5479
39.2242
37.6737
37.0532
39.3978
34.8259
36.1432
38.9307
39.157
39.6669
40.0037
37.368
37.9786
43.9242
44.1674
36.8534
36.3905
44.1117
41.4588
38.0071
40.5424
36.2696
36.8549
39.491
42.0277
41.6628
40.305
40.2683
39.3749
43.4509
41.1737
40.7802
41.1483
37.4358
40.5068
42.0243
36.6856
39.4479
36.8675
42.4034
42.5897
40.8825
37.0219
40.9041
26.5409
40.9012
43.5676
42.4851
38.8011
41.6849
36.8278
34.8403
41.4358
37.4159
41.2941
37.6778
41.6968
39.1504
40.3121
40.3881
38.3061
35.7398
35.2371
40.8825
39.331
37.7213
38.3114
40.4801
39.2303
39.7548
36.9447
37.9237
37.5853
41.2084
37.2172
38.4187
42.8264
36.6032
43.0932
37.2366
38.6579
40.7781
36.8879
33.3021
37.5125
38.0098
38.4918
37.0456
40.2721
38.0474
43.0261
38.8082
40.305
39.7469
38.9915
38.2805
38.8864
35.7911
37.9074
40.0022
40.5494
48.2047
40.2014
39.8789
41.8688
36.6594
41.1309
37.6607
44.892
38.4389
38.4972
42.9257
40.0716
39.2035
43.6449
40.6454
39.4214
40.0215
38.384
37.5095
41.6603
38.0692
41.18
42.0463
39.6298
42.373
38.4969
39.3961
37.5923
43.0656
39.6104
38.5099
36.2538
38.3149
36.9026
36.2038
42.3906
42.9619
39.3093
43.1605
36.4555
35.0548
39.5641
40.2747
38.1566
38.832
35.5383
37.3539
39.9371
38.5592
40.0191
37.9189
39.3646
43.1484
37.1046
42.7079
41.5123
37.1979
38.5825
44.9552
45.5657
41.7609
38.2615
43.4295
35.247
39.619
37.4182
35.0952
38.7195
39.4031
42.9398
37.1834
38.8627
38.7061
40.8025
44.6717
39.5718
39.8902
37.5757
39.5502
35.3271
39.8673
37.3447
45.4847
38.579
37.2243
40.835
38.6595
37.9956
37.2459
38.0908
40.7894
35.9281
38.2777
35.4565
39.3481
39.5354
37.4164
40.65
41.9561
38.0261
43.4866
39.0466
38.1529
38.1325
34.6623
46.042
37.9768
37.5975
38.0047
38.7747
38.9055
39.0533
39.2764
44.6802
38.0633
42.9138
37.5807
