34.3822
19.9113
21.069
20.3218
17.9295
12.9329
31.3254
26.2985
24.7642
16.8561
25.2386
19.1617
42.2794
15.8401
28.4563
27.8899
19.4329
46.2147
20.9545
14.508
36.3445
27.0519
23.5026
33.7518
29.9124
22.1004
13.3151
32.459
30.2907
14.6288
36.8013
14.5438
17.8145
43.011
22.1568
36.8947
18.6632
28.5273
13.8871
40.6828
40.4218
38.9451
20.8703
25.1562
20.2151
17.2793
26.9618
22.6215
36.7648
13.1927
13.9861
30.0141
15.9144
21.0753
15.9637
21.354
27.5942
19.3662
41.2128
15.74
14.5075
36.5622
14.9405
14.1412
14.5319
14.8268
26.3921
23.135
43.6098
18.2238
16.0132
23.3591
14.5361
15.441
14.0929
32.9102
19.7231
46.5375
20.2714
33.0893
29.0358
27.6356
18.6126
42.2172
14.2375
20.2758
36.7794
37.2941
31.0446
20.3702
27.5634
12.7138
27.3039
22.5351
14.1662
26.9271
37.6503
24.0191
20.2325
14.3044
17.3225
28.6533
32.2055
15.0103
13.6873
17.9949
18.9141
21.9544
17.8878
34.9434
25.9785
14.8402
32.6501
14.5603
14.3242
27.994
17.6094
18.0909
32.9117
21.6335
17.388
52.2376
34.728
31.8445
24.9054
14.0637
14.1278
19.6119
15.0793
13.6564
46.3468
34.9824
19.5462
15.9745
25.9379
27.223
37.5587
15.5279
45.3018
21.5631
17.5465
14.0428
31.3202
18.2905
49.5867
13.9069
22.6063
34.4993
37.5466
14.8419
25.7341
15.2929
15.7608
15.2004
33.2433
17.8503
17.3053
14.3588
22.4329
14.7277
45.4496
16.2033
20.7609
24.9875
18.9461
28.8329
35.1843
24.5361
20.3995
30.3394
14.6091
20.0677
26.6834
29.0448
14.3763
22.2925
20.3625
30.0115
29.216
14.4558
13.8597
17.2331
18.9101
24.798
34.9351
19.6709
14.2625
13.8522
30.0521
14.0757
20.2355
22.3215
15.5392
54.1055
20.5948
25.5869
21.3633
19.6825
21.81
42.7137
42.2628
28.0809
26.0344
20.3207
14.3809
24.3326
14.057
22.3631
48.4462
29.5882
32.8093
13.7154
15.1355
20.8447
41.071
18.0844
16.1396
13.3422
31.253
23.4186
16.3423
13.1895
15.4285
14.442
13.2675
33.0481
25.3502
14.7078
16.8425
13.3061
14.5501
18.2753
30.6917
24.5078
23.0871
30.9723
25.4093
23.7016
22.3182
22.4601
17.4642
39.9917
23.5898
20.1442
14.0391
28.337
31.2491
16.1029
26.3664
30.7731
15.1218
18.0816
33.0626
18.1801
23.1815
25.4625
35.0929
15.2403
13.8989
14.4711
13.6701
19.8214
18.0868
17.7507
18.939
32.9072
25.0091
15.7518
19.1434
42.8712
13.6307
20.7851
15.7089
37.0823
14.4905
17.9058
24.2432
22.3822
31.6925
54.3992
14.4536
33.4554
20.5019
23.1405
21.9959
14.0898
23.921
47.43
49.2715
14.0136
13.0953
15.1245
23.4071
25.2388
13.755
25.5279
18.6512
29.9701
23.0048
35.3023
22.3159
22.8846
29.2141
32.4947
16.7686
22.0155
26.9206
14.7446
18.2172
29.9415
27.1084
13.1935
33.9628
34.2036
15.0923
30.9425
42.5885
19.6848
34.7889
25.5861
20.2851
36.7526
26.8459
27.9385
22.0083
35.0724
17.9017
18.0447
16.1604
29.9628
25.0106
25.6994
22.4116
15.2933
36.6804
16.9373
13.3833
14.8589
19.9966
38.2559
32.1737
34.3605
20.114
36.8818
44.4515
35.1711
14.2361
21.4828
45.009
19.2121
14.1683
18.2927
28.2553
30.8212
14.1415
15.042
49.2514
14.2402
24.9425
21.7154
46.2895
20.3219
23.3175
25.2146
32.4308
35.6076
21.2462
13.7204
18.1932
36.9082
31.0011
25.2665
45.4286
14.424
43.4823
29.6369
21.0908
37.4372
14.1031
46.5743
13.7197
14.5538
19.4629
35.9151
24.7605
36.4115
14.4525
22.2583
30.8704
18.9158
17.2253
46.455
32.5402
29.6366
18.6411
13.1489
17.6663
26.0572
30.0177
23.7297
14.0184
18.7066
22.6545
20.9299
24.3208
15.222
17.3935
24.2671
18.8116
35.6466
21.6174
22.0179
17.3166
19.3797
38.6451
44.3527
22.2494
18.2081
27.1116
24.9681
35.7432
23.3526
29.6801
18.0484
15.5995
22.576
29.6444
14.8363
20.8754
46.5797
34.8175
19.7529
28.1775
15.8718
23.95
33.9372
14.3037
27.5651
14.2874
38.8702
13.8763
26.8242
17.2791
25.1636
28.5112
40.1063
18.7162
41.4965
19.849
29.9794
13.8622
14.8305
20.388
19.1612
43.7542
28.55
12.7045
17.0966
22.5711
14.6244
19.5455
34.6706
19.4847
41.8131
18.3448
45.5944
21.4335
15.7826
18.9047
21.598
29.4216
36.5387
25.2262
22.841
56.1118
22.3228
35.3546
42.7525
24.2475
14.5209
15.4059
18.3461
15.6562
16.8959
30.7085
18.4535
44.2466
16.9839
45.3808
15.7097
21.52
33.8578
38.1038
24.15
14.8959
21.4551
24.7774
14.3254
13.3014
36.0261
48.0098
45.3818
14.7477
20.8545
22.647
21.7728
17.2613
31.6124
44.5232
31.0874
15.1864
14.1476
14.8721
18.7834
29.9675
16.5528
45.725
21.689
13.4426
20.4249
15.6667
15.1286
13.5681
39.4532
14.6642
14.2875
16.0005
32.6746
17.6814
24.7198
40.4923
41.0189
18.6524
21.455
26.2288
17.5266
21.4331
49.4513
23.3597
20.404
43.7753
20.4868
18.7221
13.9632
18.3942
18.8143
14.3682
19.9688
30.1269
50.0254
49.4224
17.2911
22.6909
14.205
14.2385
13.4289
13.2432
14.395
20.6423
16.8125
23.5531
39.4029
36.1599
26.0324
23.7851
15.0263
29.5028
37.139
39.6859
17.547
19.596
28.9989
13.0047
12.9064
39.497
47.7505
23.7982
14.1495
16.5668
23.045
20.6971
48.4366
14.6064
15.1438
31.4896
22.0498
20.2335
23.6423
13.8252
36.7968
36.7839
46.7436
14.156
14.3975
23.8791
37.8832
25.4036
48.3176
52.3333
39.3047
36.7482
14.0949
25.3488
43.298
23.19
40.0893
22.7133
19.4262
13.5464
26.4152
32.2136
17.2528
12.5697
14.7638
49.2559
23.5459
25.1939
47.39
31.6856
15.0562
15.5341
18.0288
15.6526
16.1049
42.7548
29.332
30.6709
14.8634
15.2071
19.4901
18.5432
13.8664
25.3868
14.7578
20.8962
31.1681
20.3814
35.6713
29.2677
14.618
25.0919
20.148
18.1249
27.4466
44.276
16.1785
20.1674
22.554
16.4689
14.0738
19.77
19.4015
13.5109
31.2581
18.0708
30.6964
15.8815
20.5312
16.9069
16.9555
15.0626
26.2676
41.2124
47.5502
26.1973
13.746
44.352
29.6318
14.7576
14.9089
40.2691
21.5074
23.902
23.5153
14.4316
14.1506
21.6775
16.6148
42.7033
16.5887
42.2377
14.7873
13.4804
39.9305
38.6407
35.0789
30.7591
13.334
14.3767
20.3843
33.7187
15.0955
14.4989
35.7751
14.6529
23.2278
21.4558
14.1473
34.0714
18.5614
13.9119
20.0192
13.5959
55.1554
27.2828
38.2011
14.2935
37.9852
21.0944
15.0116
19.0084
14.4953
13.2437
29.5826
23.7503
25.3434
20.8132
14.3959
13.8369
16.6172
19.3178
34.1129
15.9628
14.4601
43.9124
33.0273
30.7515
15.3923
14.4809
34.6332
23.0505
14.0827
16.2882
23.814
22.5995
19.6362
53.1667
22.3162
31.6192
24.1203
13.0323
37.6688
39.1583
35.526
30.6595
14.1905
17.9034
34.4809
12.9735
13.6863
18.4558
20.4491
34.2854
15.0545
20.9559
53.7158
15.4419
25.762
36.6518
41.3284
32.935
14.8138
13.7454
13.4394
27.9861
27.5703
17.9018
26.4844
27.6507
15.0104
18.4682
13.5212
13.4245
15.434
14.5075
23.484
17.5964
16.6503
42.0442
14.2004
43.7875
39.89
19.5253
39.8985
15.6161
15.6594
21.2808
15.3378
33.0987
22.2635
29.3903
13.9917
47.7513
14.2255
22.5864
18.2451
14.2018
25.2933
34.229
13.8791
14.9235
16.3829
15.3629
29.1161
21.5154
15.2985
33.7121
21.8408
14.6658
13.933
17.5169
28.8621
14.0133
19.4822
13.1581
13.8722
30.6984
16.9552
21.39
18.8339
13.5575
47.5702
43.0623
26.5837
41.5148
27.1701
33.2388
25.7258
14.1353
28.7712
26.1535
17.2392
18.8105
19.9063
13.7927
18.6999
15.2766
29.4105
28.0969
29.255
34.7008
38.4948
20.1037
28.5792
14.4425
14.7201
44.0296
30.2547
36.9865
27.6252
32.5826
14.0546
42.1339
29.1138
22.4917
53.0563
22.1972
34.5899
20.5817
14.3288
15.9269
24.5369
34.2318
17.82
44.9944
28.6479
20.1215
30.8217
17.5096
14.2749
14.0485
23.8755
34.8078
22.299
13.7398
20.197
27.1045
15.1288
30.8652
32.4663
48.6665
14.8901
13.8273
21.8879
23.2356
23.2883
24.107
14.8361
28.627
35.5335
14.1351
13.0064
41.6511
56.4468
24.803
42.8485
18.289
36.647
18.2053
24.1964
26.8223
32.4676
24.0834
14.4647
27.3363
35.4593
17.9628
41.8166
18.9799
21.9777
17.7078
22.7139
35.4221
15.369
20.2007
13.4579
13.6228
15.5277
23.8844
22.9862
27.7993
22.3436
40.7339
26.3091
18.1828
30.4247
15.182
17.4592
46.4706
24.3208
41.1772
17.3727
52.2419
36.3967
20.3986
21.0847
37.7824
18.8526
14.5613
17.1494
17.3136
14.5035
22.6812
13.6911
15.8569
33.085
31.4687
42.4792
31.6708
15.5166
13.9912
17.4047
14.2296
26.1485
17.0468
18.8624
15.4189
13.6381
15.6727
18.8002
18.5162
36.0732
20.0947
17.1573
27.5266
15.264
23.5904
14.3985
34.273
29.7095
14.4979
13.0459
14.7605
14.4962
14.6267
29.9512
18.5465
14.9446
21.3409
44.6668
32.9777
36.1907
34.1098
16.5276
23.3432
17.4332
31.4546
16.4528
15.6968
18.2861
18.3865
55.2503
13.7161
17.439
30.6702
15.346
20.4769
15.1079
13.2864
37.2753
