41.5516
33.9677
29.2624
38.6058
62.3955
33.6133
41.533
31.4711
51.8851
33.2561
37.6632
44.2655
33.5021
45.6522
42.5386
43.5055
39.1898
40.9371
30.5765
35.9734
31.3725
31.02
61.4034
66.3292
36.9125
34.2751
32.8863
50.8711
46.4009
34.6167
41.8369
31.2286
32.7634
51.8151
31.6815
28.6213
39.7523
57.2697
33.5841
35.7901
54.0605
29.9116
41.3493
35.9646
49.8513
31.4871
30.4608
30.187
33.0579
41.3128
35.1363
37.9039
29.986
33.4179
33.9204
48.9992
47.9814
36.674
32.1127
60.5471
36.3173
44.738
50.8182
46.9227
43.6355
38.1606
32.7694
31.3117
39.2265
39.2561
32.5223
29.6006
46.9033
35.2642
34.8995
49.7321
30.6556
30.3086
51.995
32.545
37.2708
31.9485
33.9951
36.8057
54.7124
42.3451
33.1117
50.0301
43.005
38.0355
32.7895
31.3804
34.1714
44.0498
59.6732
43.1721
35.1102
47.5849
50.9758
34.6515
34.8777
27.3504
39.0141
42.8225
41.2553
30.5974
36.4981
48.0728
35.6143
37.6108
29.8351
32.1409
31.2548
32.9386
60.8378
36.0876
55.8152
33.6091
32.9008
69.1869
27.5717
32.1132
33.8708
41.7182
50.7759
41.3543
38.4469
31.0469
31.3096
37.4738
36.2892
50.6528
47.2729
33.2552
45.8137
31.3564
48.2974
51.168
33.5464
46.695
30.9987
65.6123
30.5746
31.9999
29.9185
34.6179
35.2259
36.8373
59.6678
30.8255
33.7095
51.349
37.6122
40.857
39.2325
37.5035
41.362
50.6753
34.5756
35.3521
61.5072
41.228
33.5408
31.0148
34.8726
34.6178
42.343
44.9616
37.8271
30.2292
33.2347
32.8154
35.0779
44.2247
33.7315
56.4571
36.9426
54.5975
45.9547
34.7844
39.3692
34.3123
37.6034
47.2952
31.8421
34.5593
31.0429
32.3584
41.1864
33.6422
38.6979
32.5624
31.3223
33.0342
34.8846
36.5209
32.1034
39.3281
45.3351
31.4
38.7623
30.3927
34.2268
58.8251
42.367
35.3276
33.1548
39.4748
46.5528
32.9571
34.7739
56.1928
60.3779
36.8248
33.4288
54.9352
51.4501
28.3759
47.0689
34.677
41.2824
32.5341
48.8589
32.8821
62.2
36.0368
45.7882
59.617
33.1551
31.7692
48.69
68.6263
34.4093
46.514
56.9786
30.5799
41.3768
29.3794
40.7244
39.9745
36.7409
56.7473
34.9467
31.2593
31.3683
40.395
35.9125
41.0875
37.8032
30.4665
39.4734
58.4991
32.7355
37.6432
47.907
56.7535
48.2029
32.1162
36.3853
38.4216
33.024
33.148
36.7904
33.641
32.2703
50.8735
31.0869
33.9756
32.0861
43.4277
28.9443
57.8881
43.9938
36.1837
59.5248
69.2764
49.4802
47.3544
34.1078
39.7484
46.9681
58.958
35.6655
42.9298
31.9633
53.0839
42.6558
51.8944
30.9614
30.9005
36.5238
54.4836
31.9566
31.8538
64.6212
32.9784
30.8724
33.0261
28.5476
38.0055
32.5669
37.7999
57.6221
31.5893
47.0304
47.0802
58.3576
38.9082
33.1873
46.1092
41.8753
47.0931
48.9145
35.0656
27.3175
33.0919
46.0302
34.9819
27.0746
30.1808
36.896
38.6246
31.5707
36.6573
50.8151
56.3217
50.1902
42.5669
62.3104
33.4663
48.5239
37.7071
32.7398
35.7761
59.6362
33.9703
44.1491
44.0659
40.6213
39.2024
37.1137
28.5751
29.0433
33.2234
49.8218
44.8155
43.9215
49.1553
30.5998
52.081
32.6751
33.3086
54.5683
41.6026
35.0121
31.2597
33.8261
34.3724
66.9251
30.4916
42.8664
33.5901
31.8293
32.1676
63.1937
32.9616
35.5707
53.988
36.1115
53.4002
59.1219
31.4241
42.6539
34.7184
53.5399
55.6108
33.9909
36.1832
34.3645
29.717
30.0282
30.8003
53.6386
44.3051
39.2647
42.7538
33.9035
55.3529
31.8136
33.9218
38.3818
34.5171
36.1334
36.7402
39.8602
39.4746
39.5365
39.6464
29.6609
30.4144
33.4729
31.7493
45.5342
38.805
44.4681
56.0387
32.2227
44.2154
43.0157
33.1414
36.1967
30.6443
52.7183
33.9561
31.1005
49.7435
38.8204
58.8971
36.4684
29.6814
35.8756
52.5587
41.0177
38.8368
46.2444
34.2966
30.0725
48.9924
55.6084
36.0031
40.9373
30.1377
44.8064
47.7105
32.6148
33.7943
45.5898
34.4151
58.2734
33.5764
49.0315
55.9732
30.8522
42.7672
37.8552
50.5899
33.1939
52.3574
37.6632
34.2919
45.6012
51.7259
35.9627
45.1896
49.4786
37.4464
30.5586
35.8729
41.8652
42.2022
36.8666
37.3728
37.6552
62.1694
38.589
35.0012
42.1127
32.7255
37.9509
31.4464
43.8832
35.791
34.5637
29.5995
38.0058
41.0173
51.0118
29.864
29.8303
31.8308
34.6274
51.2377
36.4339
38.4947
50.2165
51.6711
50.8815
32.2527
59.5369
31.4322
42.8632
33.3084
40.3277
30.8152
30.3811
51.0253
35.4568
33.9533
51.2629
41.2656
31.1219
29.5054
38.1191
36.3867
40.1601
39.1168
42.9198
28.6097
43.6163
42.0929
29.834
33.5536
34.4139
35.7994
57.1417
35.1167
39.404
53.9288
33.6295
40.0315
59.5219
30.6622
50.4278
30.5125
39.1664
35.5366
37.7756
46.0022
36.4531
54.4798
37.1884
51.6527
37.1927
60.5892
40.1739
54.0405
38.3657
44.81
41.0662
44.0332
32.8183
41.0599
42.9299
31.6357
29.8874
47.4085
66.5617
42.0942
54.682
31.1702
33.7885
53.1016
33.2816
32.9071
29.6464
33.3909
39.4653
36.7856
35.5585
31.0222
45.5872
33.4416
43.2655
31.772
35.4075
38.0335
33.6943
32.3139
51.4567
34.6624
32.721
42.3607
60.3679
34.4545
56.4345
32.8671
31.5263
39.4714
33.8753
30.3597
39.1756
44.2951
35.7396
49.5943
50.224
37.707
32.4031
37.0854
41.0284
56.5665
56.1565
40.9524
57.5438
38.8906
31.9935
30.0448
53.4097
38.0265
34.2863
32.5099
35.1891
46.9126
31.991
42.2372
50.2584
60.1678
32.1781
53.1603
31.828
30.4511
45.1884
32.0341
63.9085
39.2386
37.1195
41.5917
32.5894
34.4282
48.6298
35.8974
35.8097
30.0349
42.6751
53.5606
48.3716
39.3143
54.2666
35.8257
34.11
35.5904
27.5244
60.6587
33.0827
39.7053
38.2003
42.0559
36.805
38.1072
41.0676
30.112
40.6985
59.3925
30.4135
30.4824
50.9685
32.3251
58.4271
31.8476
36.9487
37.8044
29.9462
45.1218
32.7367
34.6277
37.0189
64.6769
34.7831
36.8038
37.824
38.4099
30.5785
33.775
32.3882
35.2646
44.718
33.3531
49.3724
31.7013
44.1688
31.018
34.3957
36.1454
42.4054
46.8772
35.696
48.7873
36.7167
34.6623
52.2142
40.2363
57.0192
36.3969
33.9865
38.9854
70.6179
39.4456
33.8386
37.2671
48.3188
28.9862
37.2455
35.9299
33.7504
45.6031
31.0747
37.5198
38.0897
33.7567
31.1742
32.2397
56.1797
38.4444
54.2916
38.3217
39.785
29.698
44.7547
46.461
51.1063
52.5082
31.1822
44.557
31.2421
30.3806
37.512
39.7678
35.4681
34.4884
33.9058
33.1711
47.8652
32.9916
51.6474
33.3549
45.8464
30.828
35.5995
45.3865
43.505
35.932
43.8738
61.0402
27.1878
40.5934
38.0402
41.7414
41.8132
45.2998
39.8017
61.8822
33.9468
33.1526
37.8311
31.4534
33.7998
36.7502
33.7632
30.3961
66.6838
50.7833
45.742
58.4121
39.5827
43.0467
40.6176
39.3763
44.0886
37.2749
32.6519
39.4399
50.6509
29.9447
44.6582
29.8997
30.6283
38.0021
34.0589
42.8247
33.7609
29.0524
48.8743
35.5644
31.768
49.8214
36.4404
34.9175
46.2089
52.5893
38.6926
32.1018
38.273
39.2154
32.4596
30.6372
38.4516
61.0518
51.8968
50.1492
35.8212
34.6337
30.0166
41.271
30.9444
43.7236
31.3757
29.6623
31.4108
34.0019
36.8669
34.112
35.9629
39.8305
41.772
65.3529
33.8599
26.9172
58.7931
43.9923
43.3918
39.7352
38.3823
31.5583
34.0496
42.975
42.202
31.185
30.7397
32.6404
50.6179
31.6442
40.4728
37.1573
38.8215
36.191
40.4383
34.4341
46.0624
43.0831
34.9986
30.9597
49.7759
30.72
46.2779
30.832
40.7037
56.3555
31.5694
31.0244
48.2442
64.5582
53.8605
51.9723
33.3645
32.8863
33.2161
47.9342
34.8687
43.0259
34.224
43.9301
36.357
51.6022
35.623
40.5263
41.0053
31.8134
32.269
34.5132
38.2163
48.4273
49.1405
45.4972
39.7454
34.9906
34.0811
58.4867
32.0138
48.1309
31.689
33.9266
48.3145
34.1424
36.1442
36.4971
32.6534
29.9101
53.9855
30.9845
38.5123
43.9265
40.8034
46.273
30.8707
42.9203
28.1864
45.0541
36.2104
40.9241
42.0719
40.6888
38.1683
34.757
31.0057
35.0506
34.7664
40.0909
31.6282
43.8405
31.3101
54.1346
29.9089
53.2569
32.98
34.1161
30.9351
32.768
37.7951
45.4213
33.7287
32.7638
30.1499
33.9163
32.313
34.9236
30.399
32.2823
36.0709
30.6473
43.6616
37.0908
41.9311
39.6035
31.2134
37.4987
39.0754
42.9065
33.414
31.1232
29.9006
63.0883
47.391
28.7902
44.9035
30.2587
35.173
40.9846
33.3359
66.4206
33.3124
31.5279
34.9321
35.6916
32.8084
32.0677
31.9552
26.4022
51.9071
34.1641
27.5527
28.4282
32.7876
44.8657
47.081
43.1149
59.9387
31.3547
35.2915
32.0163
33.631
35.6514
62.0798
58.4905
46.8846
36.8208
49.6072
40.3283
33.1598
33.0416
34.3632
40.6114
33.1358
53.6462
29.881
44.4139
42.4254
61.7523
59.1044
30.2701
34.4481
31.5871
37.4654
40.5899
45.8701
35.2848
33.4295
34.685
35.8812
32.1743
32.0296
34.3508
40.7611
53.5633
39.6196
41.4755
43.4502
33.9665
47.789
38.7183
31.1649
41.7308
