51.5379
43.8979
45.73
64.5888
35.0237
52.9407
38.7828
44.3684
42.687
43.2761
78.4618
49.2862
49.3509
41.5983
64.3181
57.9238
42.9288
44.6569
48.4791
46.8247
46.3861
49.0805
53.1334
63.8535
49.1516
60.8918
46.3777
54.5929
46.0512
56.7124
45.5173
50.7504
54.8943
50.3348
56.8509
39.4988
58.2446
53.3329
43.0245
52.9201
61.2923
55.6644
55.1173
68.2522
66.9041
44.402
45.3375
64.3279
57.1248
45.6584
43.3934
53.1731
67.6103
57.9228
59.604
62.0431
43.7155
43.5811
49.4286
53.0275
51.2833
55.8199
47.3146
50.576
51.3151
53.1939
43.0647
46.8335
46.3883
42.8952
57.8678
59.3648
60.1813
47.3807
47.4062
50.1642
58.484
66.8583
43.7465
43.1642
68.6973
49.2241
44.9747
50.3888
47.9235
48.5159
47.7928
45.4895
63.755
45.6031
47.9263
46.9049
60.8308
54.3729
41.6672
55.5499
57.963
72.8801
48.8399
50.7309
56.6551
42.4384
56.2258
70.5097
51.1325
50.1637
49.709
46.2032
54.2235
46.7004
63.9703
71.3224
51.8355
57.6347
41.1391
58.4758
47.7439
70.6818
45.1565
44.5534
46.956
54.6938
49.1514
46.8266
45.9485
44.3249
43.4688
61.99
42.0373
55.9827
46.9395
47.2215
46.3774
49.4108
52.5523
63.5694
56.6715
58.4732
42.7689
46.5079
43.1886
45.8033
44.0175
40.6041
43.9733
60.1879
53.0413
51.7312
52.0316
64.7011
44.5489
62.8564
45.0595
50.1685
54.6358
46.3315
43.6526
45.7548
62.3685
42.9672
55.1567
44.7769
41.87
51.0002
58.3188
42.6537
53.4416
52.5808
48.9786
49.2801
48.919
49.6518
52.4415
44.1678
48.1321
50.5516
43.688
63.375
56.4477
46.9421
46.8909
56.1502
55.5306
58.4465
68.5545
52.9302
43.2879
45.5216
44.9989
43.8775
62.4592
48.1404
47.2534
43.2666
44.4755
56.3961
45.367
41.2639
45.3071
59.2729
79.191
49.5785
55.2623
60.129
64.2854
58.3013
44.7394
44.2928
43.8068
42.5794
42.4138
51.8512
49.5548
42.7882
48.1143
56.6694
43.2667
43.591
50.1351
58.0666
49.3743
67.6321
55.1382
48.9208
51.8987
43.8862
47.5382
56.209
62.5731
44.2447
46.517
43.3992
47.1934
54.9532
55.5628
40.8787
42.5679
58.3946
42.0907
62.3138
51.6112
49.2264
50.247
47.9201
50.4898
47.8254
50.6868
48.5494
60.7974
48.1914
45.9399
48.1893
44.5542
47.985
55.8018
61.069
48.5782
57.8605
48.9307
53.8622
74.8343
46.7512
56.745
41.9494
32.273
45.4591
54.0424
54.8059
45.0982
42.9817
44.462
50.4842
48.0476
73.6267
50.2514
44.8584
65.2946
66.9228
48.9017
43.5445
47.4616
49.7399
47.241
56.2418
45.6068
44.3357
43.2129
46.974
45.2585
51.0328
46.7477
49.8152
52.7202
58.3
51.55
42.892
67.4758
46.0011
48.1166
45.2109
49.3934
49.9762
54.8298
41.2983
43.8932
42.4867
42.0264
43.4333
55.5112
47.4765
63.0351
42.2446
46.2738
62.3198
45.3371
44.7835
71.2331
69.4757
44.3747
42.5366
42.1878
41.9659
63.542
47.4779
52.5269
51.4256
42.4672
43.6556
47.9455
46.4365
48.9522
52.75
50.7647
50.0535
48.158
15.9634
61.4999
53.8035
42.0439
54.8753
55.7516
43.2721
45.1998
50.5108
56.778
55.4248
54.3404
45.5121
54.0846
60.9423
48.2652
46.1567
41.1353
42.3922
55.7151
33.3317
49.5577
45.8984
64.9364
14.8902
46.1873
42.8702
45.6375
49.7699
11.1427
54.4545
49.0666
55.4642
46.6232
70.9155
58.9428
58.534
42.2777
44.0709
40.1906
43.9252
46.8062
58.4504
42.6864
58.7587
48.5697
53.3196
44.3035
67.0488
45.3479
60.3156
43.0758
43.9803
57.8395
54.4967
45.5513
44.2382
43.9321
54.4867
45.9757
68.1101
59.4288
44.7388
43.8258
44.3495
48.4865
48.952
51.5926
43.6321
48.5393
44.3051
47.0301
41.1216
57.3116
48.07
45.6729
52.3035
55.6256
51.3635
60.2344
50.8416
45.0429
47.137
44.4586
53.0176
50.2798
47.9106
42.512
50.9689
57.5635
44.6543
47.5226
70.2337
64.5968
49.2056
62.1513
45.7786
73.9061
56.1057
42.1607
43.5657
50.2885
43.8372
44.9437
53.0464
55.2611
43.0307
51.0524
42.6033
57.7849
48.3392
47.5543
55.5615
70.3088
44.8604
60.4171
48.0916
42.8002
55.4766
57.9004
41.9435
45.644
61.471
55.451
43.3305
53.97
46.6765
78.4045
44.2215
47.9316
50.8462
49.1787
46.8793
44.7219
59.2745
42.975
44.4614
44.5349
48.1741
58.9172
60.8499
62.05
40.4313
52.1175
42.4934
47.5108
44.6102
46.3717
49.3678
45.9436
48.9398
64.7252
49.7455
43.0754
44.9475
48.3623
62.9341
57.9662
41.8536
56.5293
48.7082
52.5153
55.2069
45.9299
43.2482
46.4535
50.0185
48.996
65.1584
63.5876
63.4317
54.9246
41.2011
50.3024
57.302
57.7807
53.4754
59.238
65.9705
46.125
48.5258
45.4713
44.8085
45.5625
61.6409
42.1835
45.7215
58.7802
46.8745
44.726
45.7506
46.4015
48.3099
44.3499
43.8719
43.6565
45.2169
46.6327
48.9648
63.3009
56.9174
53.6464
65.6611
48.4073
59.9174
47.1334
66.6629
49.5588
50.2669
46.7198
47.253
42.6457
42.9951
59.7439
61.6074
43.6215
50.6108
41.7901
70.6309
63.9485
49.7609
44.8982
42.4051
52.3663
50.1443
51.3549
46.775
46.7476
44.6901
47.6835
45.5681
40.7218
56.5093
52.2933
54.9997
53.5601
54.475
51.4287
58.6571
57.5551
48.3115
42.5779
57.9912
45.3287
61.0394
55.5097
64.2735
54.0187
49.7225
43.2053
45.6862
54.081
42.9102
43.3088
43.8736
51.553
52.5572
46.5124
63.1775
45.1175
44.4925
49.0921
65.0828
48.616
47.8898
41.9885
45.9969
43.8379
47.0955
47.8868
48.3277
44.4321
44.0353
53.3769
48.7753
52.4014
45.6724
49.4428
44.7663
53.2745
58.333
59.6066
46.5128
67.2411
52.3501
72.1351
49.0445
45.6655
79.0611
45.9045
56.6296
60.9906
56.6639
45.1878
49.3361
52.1965
43.7049
48.2139
55.5779
55.4059
47.1182
44.4381
49.126
43.6264
43.6964
57.9677
56.8756
47.2379
60.6226
63.3557
51.9592
43.4682
54.0657
46.3138
45.815
44.558
50.2287
58.9915
54.9585
45.5384
44.6835
53.1633
49.2087
44.6209
52.0705
45.451
48.4854
44.6141
51.9942
47.4977
45.384
42.6595
43.1835
67.0849
44.5514
42.6117
44.6805
40.8241
48.9482
58.6984
47.2766
51.6412
80.2751
65.2679
42.7583
48.2957
52.0133
46.6876
47.6563
56.8356
43.4515
67.8471
61.1958
73.4285
54.87
40.6185
62.5201
43.1578
52.2839
46.5103
55.1351
42.3387
52.6969
60.2828
56.2285
47.3644
44.0623
49.0171
53.4118
56.0139
55.1815
53.6404
42.9044
43.0909
46.6516
51.8363
55.83
47.0677
64.3091
47.795
45.5542
56.8424
45.5225
40.2534
42.3597
46.2662
55.6581
44.7279
46.0747
65.2029
39.5387
65.4046
55.4701
51.0996
45.6924
70.7914
54.0024
54.1194
47.4091
44.3928
48.9628
43.9715
42.571
53.1125
47.074
55.4438
46.9298
44.2854
42.165
43.999
51.4925
62.6759
52.3772
46.1911
41.6855
42.7342
42.5197
50.6907
44.7089
45.4843
63.4814
45.9057
47.1431
54.3069
63.811
46.1769
44.4562
47.2842
42.9916
42.3771
70.4272
42.9541
57.2052
51.4597
45.7028
47.5643
46.983
50.3089
56.9008
47.9406
47.2411
52.4061
46.033
46.5945
45.1841
41.7939
62.9204
48.95
47.9168
61.3731
79.2089
44.609
27.4497
54.9382
46.6606
57.1071
44.4312
62.4878
46.4343
50.8032
51.969
49.2907
64.1941
57.2644
56.5168
54.0644
56.1989
45.3495
43.2914
57.4187
45.3178
43.6608
43.0277
65.0973
53.166
42.806
45.4852
42.6139
43.6701
49.7844
71.4855
42.4303
54.0555
53.8233
45.1742
70.9607
54.1367
54.0828
60.7451
49.3538
54.7691
60.9211
49.614
46.7485
47.5619
59.487
60.5376
47.3316
58.9774
59.3651
44.5666
52.5748
40.4574
44.1139
56.2729
43.4381
60.5936
46.853
48.6105
46.5478
48.9243
73.3446
52.5583
45.6909
73.0449
64.6149
48.0323
54.445
62.2756
45.2393
59.2462
72.9423
44.1207
53.6945
59.4254
46.7283
56.6656
22.639
71.0774
59.1208
47.7566
42.2078
62.5062
51.5696
48.1472
53.6151
59.37
67.7254
49.1516
46.0319
42.8524
62.8733
51.3901
58.8923
47.1715
51.577
45.9538
58.8389
56.3066
60.053
48.1016
49.53
44.0087
43.0786
46.541
52.5163
46.625
54.7604
45.9496
45.9871
62.8517
41.4676
56.1751
49.522
46.3677
69.3449
52.3802
43.9677
65.1103
43.5207
68.8884
57.7974
64.6893
42.04
43.1191
45.4728
58.0072
42.3986
53.9481
44.2688
42.3237
48.4924
61.4558
64.1046
48.1499
45.0094
50.0549
61.2556
41.2997
60.1955
58.1033
43.8076
51.7976
53.3048
47.1058
49.1639
44.7044
60.9565
50.6271
54.1236
43.2137
53.3949
70.8554
49.7064
45.4552
51.969
54.494
58.647
55.7824
54.0421
45.8303
43.4125
52.0212
48.8489
54.8267
52.8629
41.3065
42.0615
47.3594
62.3947
64.1461
64.3325
43.6671
61.2304
43.6328
41.4454
55.083
46.5268
55.5009
53.7041
44.8891
31.4168
45.0242
47.9294
42.9128
58.9032
67.6668
44.8869
63.6003
42.992
68.967
51.0899
57.7005
70.9455
50.9688
59.3479
63.4251
57.3294
53.8002
42.2589
43.4159
41.4318
48.7468
48.8832
41.5855
59.6328
66.6535
48.381
66.9933
44.8675
45.0477
65.9342
39.8522
45.5581
42.4763
