33.9359
31.184
32.7862
32.4241
35.6995
36.1719
26.2217
33.1568
32.5223
31.6064
29.597
33.3667
31.1476
31.8074
32.7142
36.1469
46.2476
36.3711
30.0574
32.4619
36.059
28.2901
35.532
30.3135
32.3527
30.96
30.7808
30.4833
30.3301
32.5684
32.9024
30.6463
30.1695
33.0953
30.9514
30.861
36.8139
34.3458
31.6246
32.576
31.996
31.3247
30.3032
30.6717
29.64
30.5558
31.4885
32.6715
29.6127
31.8928
31.1676
30.5514
33.4199
28.7849
34.9934
37.0022
33.6093
32.649
32.4497
30.1019
31.89
35.9136
33.2756
31.2961
35.4817
30.1505
31.4583
35.2194
33.0048
32.2276
31.0616
29.4615
33.0161
34.3536
36.7738
31.227
29.8246
32.5052
30.409
34.6075
30.8776
31.335
30.9987
30.5143
28.9433
32.5202
31.8365
30.1315
32.2889
30.7609
29.9253
29.8178
32.712
33.5322
38.1976
32.4437
31.14
32.745
32.333
32.306
31.7613
31.2795
31.7987
31.7516
32.3429
40.7949
31.8031
29.7217
31.9465
30.1416
30.9699
31.1969
29.4755
31.4131
33.2041
30.904
36.2791
34.7875
28.8804
33.7235
30.2783
31.7098
33.8715
29.5681
29.6136
29.9228
30.3566
32.0539
30.1944
31.4701
30.5089
30.3931
33.3721
36.5197
35.4891
34.9628
33.7052
33.2967
32.8117
34.5626
32.0766
29.7602
29.4936
30.9677
30.4424
30.4575
34.0985
27.7508
34.3435
33.5224
28.4627
32.617
30.9463
33.1814
32.5607
30.8706
30.9869
42.0874
31.743
29.735
34.7701
33.0002
30.5913
34.2781
30.685
32.8966
34.2635
35.8863
29.6769
31.0423
30.2846
35.3053
31.7258
30.9152
32.4035
32.8867
31.1229
31.9279
31.1332
32.7371
35.0442
30.6697
32.4582
30.8731
33.4269
30.4385
32.9589
29.4503
32.9245
34.8193
30.3918
34.2265
31.3906
32.9365
29.6057
39.043
32.957
35.7581
32.2708
30.8034
29.3118
34.5553
31.8591
31.6596
37.7931
31.8324
33.7219
34.6471
30.935
33.6702
29.0481
25.8243
34.4959
35.1181
31.5786
28.8596
32.6978
29.5851
31.6021
30.38
31.828
32.3341
31.7783
31.8365
31.2001
32.6409
31.7542
33.1865
32.0602
33.274
33.2874
32.7578
30.3173
30.2234
33.2944
32.3707
32.8889
38.3038
32.0905
33.3982
35.2568
31.1146
29.2511
34.8416
31.601
28.1349
31.9457
30.6313
34.7371
31.4089
32.1929
32.7536
32.915
31.5455
35.7887
36.1919
33.8706
31.1182
28.3836
33.837
31.1648
31.6777
30.9566
30.7255
31.4926
30.8993
30.5533
34.443
32.6546
33.9358
34.1969
30.9739
31.259
30.6757
29.6984
29.9938
30.9332
29.1716
31.1467
30.6771
31.0043
31.4147
32.2094
36.0746
35.5444
29.143
32.5782
31.046
32.6443
32.5465
33.6501
31.2918
31.5577
31.2618
31.6156
32.1293
32.3706
33.085
34.8008
30.5723
28.7391
33.9895
33.0085
34.2651
30.6897
30.0514
30.3044
31.565
33.0597
34.3904
31.0301
30.8999
29.2728
30.6197
31.499
31.4107
28.8285
30.8209
31.8593
31.221
29.8488
34.3005
31.0393
34.3616
31.0735
32.5019
31.63
30.9602
34.1306
33.3529
31.2051
31.5457
34.781
30.9704
35.4654
32.5491
33.2328
33.1317
29.9563
29.8554
30.9378
30.4544
29.726
32.6329
31.3195
39.274
35.5819
15.0466
30.4361
15.3298
30.8225
30.8225
30.7854
28.9128
28.3685
31.4909
34.3645
31.4301
29.9612
30.822
29.6357
29.961
30.8624
36.0244
34.018
28.1699
32.8779
34.6567
29.6536
29.8282
28.8675
32.7937
30.5385
30.4546
33.1101
31.7094
32.7798
31.4196
33.7858
31.917
30.556
32.013
32.4255
32.3624
29.6465
26.1035
30.437
32.3739
33.2706
31.1964
32.3821
33.4263
35.9244
31.9845
34.3166
35.4987
29.6671
31.0822
32.1369
31.4847
31.426
31.3227
29.7759
31.5941
30.3749
36.8187
31.2077
30.8479
30.0977
30.908
38.4401
30.3085
37.0371
29.4474
33.7848
30.4491
30.8605
34.6053
29.9434
30.5979
32.0215
29.5598
31.8681
32.7038
29.7753
34.5725
33.4937
30.6534
30.4717
31.4254
34.2467
32.1123
30.5441
30.7582
32.2694
30.9575
32.0154
30.6839
35.5299
31.0219
31.7103
29.3147
33.0095
31.2326
31.735
34.1127
27.8336
32.3261
31.466
31.8838
30.7389
29.7137
30.6578
30.7085
28.82
29.8491
30.4303
31.362
33.6997
31.9037
32.3928
28.8473
28.1101
34.525
29.4717
30.1733
31.4589
33.5879
33.0576
29.8258
33.5223
34.4581
29.7362
35.8395
30.4456
32.7504
32.7624
30.1325
28.934
30.872
31.481
31.1518
33.1891
32.6603
36.0951
30.4373
31.5488
31.1307
30.8739
32.7671
34.1646
32.8231
33.58
34.5218
31.4871
31.5274
30.9456
29.7861
31.7562
31.8827
30.4201
29.3062
30.8684
32.2862
34.0728
32.0877
32.1536
29.9105
35.4446
32.2347
30.9391
37.1542
30.09
31.3007
29.2782
39.7326
32.6889
31.969
29.3901
29.7609
31.4746
32.4183
28.7459
31.2121
32.1572
34.0637
31.4861
36.3497
34.4012
31.0532
32.171
30.6511
31.2837
32.2326
34.7896
30.3299
32.1441
31.6081
33.6542
32.7183
30.4458
34.9618
28.6053
34.5763
31.8125
33.6613
32.3924
31.2512
33.9685
29.8853
34.4832
30.54
30.8234
36.1609
35.5877
31.653
30.8259
39.0454
30.2941
31.2127
29.4069
29.6042
32.5317
30.9963
33.309
31.6372
34.0671
33.3098
33.6343
28.2808
30.9387
30.1351
34.6193
32.7574
29.6113
35.8785
34.1168
32.0248
30.3406
32.6786
30.0374
33.3208
31.4933
30.816
32.2748
37.1579
31.18
31.7669
32.5295
30.1905
30.4578
32.0386
31.371
30.8741
34.0764
31.0899
34.6443
31.9286
31.1491
36.2196
31.6503
30.1038
33.6708
30.3117
31.5781
31.1772
31.377
30.208
30.4216
30.1645
32.925
28.5017
31.1336
33.0334
33.5326
35.3779
34.2897
33.8162
33.1996
33.5799
31.2577
30.7831
30.8751
33.7044
35.1137
34.6523
31.3723
32.8281
33.7048
30.0377
33.807
31.7113
32.6259
33.8754
31.1118
30.6681
29.8556
30.8302
31.7139
32.2569
33.2064
33.7292
32.3322
32.3182
33.9065
31.9043
32.3669
31.1259
29.8136
31.0408
32.6805
30.2436
31.1292
36.2771
33.9266
31.8424
33.6642
28.7014
29.9872
31.1963
32.6798
30.1291
33.2863
29.7077
29.497
33.234
33.6868
34.575
28.8258
31.2088
31.35
33.1384
30.8927
30.5745
31.1964
31.5861
32.4768
32.7399
34.5695
28.9046
29.8513
32.4416
31.7481
31.2947
31.9096
30.719
33.4289
32.6922
37.5232
31.1402
34.26
31.0585
33.0746
33.5506
29.9134
33.4431
32.5808
32.4139
32.2494
31.6435
32.9465
31.3055
34.7526
31.7595
29.1828
30.9731
33.6734
31.5672
32.9661
30.0227
35.9205
31.9946
31.326
33.1831
32.8264
29.7448
36.7057
30.4732
35.9132
31.5882
32.7016
29.759
29.3889
32.3464
35.9235
28.5975
35.2799
31.1494
31.9896
40.5877
30.218
33.4572
31.6087
28.6184
30.5707
29.4523
32.24
33.2552
33.6124
30.9136
32.327
31.9312
30.6406
31.3534
30.1117
30.1983
32.3937
31.2454
30.6071
30.6859
33.7434
31.6222
34.0164
31.3693
33.68
30.5419
28.8681
34.1965
35.2942
32.8085
33.2581
33.6218
33.8473
33.4856
33.3169
31.2202
31.3033
30.0332
31.5781
31.3764
32.4234
32.5387
32.5644
31.3679
31.5965
37.8708
35.6021
33.6142
32.8555
26.8217
33.0361
29.7464
30.2499
31.3034
33.3692
32.362
32.0864
29.9797
34.7489
31.6249
30.1661
31.4007
32.1701
30.368
32.1426
31.9997
30.0648
30.817
30.2352
30.4896
34.7057
31.127
31.1592
35.1435
31.9722
30.1976
28.4192
32.9792
31.3908
33.2932
31.5289
33.9947
31.9164
31.8499
31.1439
32.2449
31.7385
31.6143
32.6521
30.7254
42.7528
30.633
33.1219
31.0709
32.2929
34.9417
39.8475
30.4106
37.1821
32.5845
32.4454
33.3528
29.6877
64.7207
34.8527
34.7644
32.4236
29.8098
32.4351
30.2259
30.7372
29.7407
30.461
34.4184
32.9787
35.5317
31.2492
30.3759
31.2963
30.5763
32.8445
34.2722
31.8055
32.6221
30.156
29.8114
33.107
36.0319
31.8378
32.6963
32.4872
32.3328
26.9893
32.6641
32.1422
30.2695
37.978
31.7586
30.7483
34.2632
33.1907
32.2861
31.0969
33.6226
32.4309
31.4143
33.1475
33.8844
36.369
30.1735
38.4894
32.8555
33.2628
31.7864
34.517
30.3668
30.4085
29.7121
36.1876
30.4436
29.6093
30.0404
31.1793
33.1899
29.5754
35.54
35.7128
29.5238
29.7176
31.5503
28.8474
33.5059
30.2766
31.1913
31.6272
31.1438
32.4068
31.2529
31.1271
31.0829
30.2583
31.9084
33.8122
32.1201
32.4419
32.581
31.0268
32.4987
33.0471
30.8981
32.0121
31.5601
31.998
30.3542
30.1028
32.3361
34.5014
31.1478
31.3749
31.2377
29.716
32.2461
30.4617
34.6004
30.8898
31.5278
31.5933
32.8268
30.5926
28.4071
32.8583
32.7781
37.2778
29.5226
32.3477
31.1566
30.6578
33.0902
30.4286
37.8466
32.254
32.7768
34.1079
32.2362
29.845
32.3414
30.0696
31.6654
33.7619
32.9567
30.4135
31.5187
29.4502
32.4892
28.6669
31.4942
31.6236
33.2274
31.3577
31.0901
33.4102
31.0782
31.6056
29.3621
34.7039
32.431
34.145
31.8991
31.6666
30.4263
36.5671
30.4679
31.7331
29.0563
34.2007
37.0391
34.7918
29.9943
31.1046
32.6814
31.7688
31.5108
30.146
33.252
33.4779
29.3007
39.834
31.8977
35.7478
30.7894
