22.671
23.1363
23.5046
25.3584
23.912
21.4954
25.1148
22.8206
23.8378
23.3125
24.3672
23.8087
22.3298
24.2642
23.8731
22.1628
25.2778
24.8995
22.221
21.6969
24.2389
23.1899
23.3254
23.9698
22.7709
22.3537
23.7495
22.4665
22.1227
24.5674
25.1835
22.2937
22.5337
24.5265
23.3196
23.8354
23.6951
22.0422
23.6621
23.5329
22.0087
23.15
23.5291
20.2662
24.1358
24.9461
21.8165
22.3377
21.63
22.177
22.0119
27.1868
24.1807
21.8103
24.4091
22.1622
23.3347
21.8513
22.2102
21.5015
22.43
25.8789
21.1489
22.1822
22.8381
26.6235
23.512
26.29
22.6706
26.1626
24.4513
22.9382
22.7589
23.0788
23.4221
22.813
24.8948
22.8328
22.7806
23.2927
22.6653
23.503
22.7637
23.9359
23.0067
22.838
20.827
22.8231
25.5862
22.8129
26.2106
22.6731
22.7131
27.2885
24.5255
24.5165
23.4165
23.5034
24.5229
25.1136
22.4141
24.8918
21.6017
25.2739
20.2905
22.438
23.094
22.0485
23.5089
23.5008
25.3334
21.9706
23.1798
22.6139
23.1183
22.055
20.7933
21.9104
22.6397
22.6792
20.8633
24
23.8649
22.4491
26.3893
21.4216
24.0928
21.9134
22.1189
22.282
23.9741
21.7298
21.5313
21.4968
26.6301
24.1751
23.9302
23.4893
21.6153
21.1054
24.1899
24.5493
24.5114
24.4461
22.8347
23.2909
23.6084
23.2496
21.8528
25.0025
24.6519
23.1357
22.7596
22.4381
22.5575
23.6388
25.7506
22.9409
22.1988
22.6097
25.3964
22.7063
22.2022
23.1735
22.1471
21.5032
20.4887
22.5535
22.6465
23.8288
24.562
23.1054
24.3601
23.8365
23.8017
24.6902
23.0925
24.1324
24.0493
22.4049
22.389
23.5103
23.6198
23.395
23.6734
22.6446
25.1859
22.4903
22.8093
21.8455
22.0534
24.1894
22.4919
24.0301
22.2534
25.3882
22.0242
25.0965
23.5406
20.7721
23.8313
23.2507
22.1138
23.677
22.3271
23.3682
23.04
22.6118
21.8788
22.8953
22.8748
23.4535
21.4583
23.1942
23.4493
27.2997
25.0233
25.211
26.0492
23.7569
25.4144
23.7607
26.404
23.8292
21.227
27.1428
22.4848
23.0383
23.3008
22.8075
19.9268
23.4295
21.5411
20.897
24.3688
23.4113
24.5314
20.9596
22.156
23.5493
21.6885
22.3444
23.3838
21.8098
21.5462
28.3928
22.4721
22.2119
23.6701
22.5588
24.6611
22.8127
20.9127
20.5418
21.7163
21.9151
21.5076
21.3351
24.4519
22.463
24.9244
23.9743
26.5521
22.2939
24.3504
23.7626
25.5965
23.2287
22.1936
24.8988
24.2393
22.0467
22.848
24.6016
23.1033
25.2392
23.829
22.1023
21.8477
21.4817
22.0601
23.5673
25.0195
21.9573
24.7098
23.61
24.0569
20.9434
23.8927
21.3071
22.2417
24.0129
22.1535
22.8337
23.2741
23.6624
22.3576
21.893
24.4416
22.2833
22.5012
25.6189
21.0727
22.7154
23.0143
22.2019
20.8164
23.1523
22.6824
20.6531
24.7593
24.226
22.9688
22.2567
22.8035
22.354
22.795
22.8596
22.9219
21.6216
23.8614
23.7177
22.8641
23.3973
22.9459
24.7177
20.905
24.9541
21.2186
23.3979
22.3166
24.6903
24.4856
23.921
22.8625
24.5676
21.0122
23.4971
22.3219
23.0052
26.8472
22.9179
22.6159
23.4878
22.7093
23.3948
22.2228
22.8161
22.6021
24.8964
21.5327
14.7367
24.4676
22.7404
22.0579
23.779
25.6055
22.174
23.054
21.9145
21.2002
25.0419
21.5055
22.8121
22.21
23.7162
19.6831
21.5746
23.1317
21.0696
23.4622
22.0988
23.667
23.8423
24.4801
22.3498
23.5417
23.0624
22.3875
23.7123
24.0548
23.787
21.9219
24.0655
27.379
22.7112
22.9493
22.9592
24.1782
26.1633
22.6634
24.4417
21.5168
25.3538
21.0013
22.6531
22.9203
24.7061
22.7927
22.5062
22.4434
22.6895
21.7822
23.6076
22.3194
22.3929
22.114
23.1954
22.9512
21.9251
23.3594
24.1587
22.2061
24.1188
21.7668
24.2463
26.0039
23.3934
21.9508
21.3002
21.5675
23.6645
22.854
22.7894
23.2041
21.6326
24.0027
24.3328
21.5629
22.4317
21.6728
21.248
24.5095
21.4767
21.7266
24.6727
23.3736
23.2006
23.3161
25.0325
21.132
22.7351
24.5185
22.5535
23.5794
26.0825
21.6619
20.9946
24.474
23.8958
23.1781
23.0601
22.6299
21.3755
21.375
23.7172
23.519
23.514
24.9288
22.6835
22.2914
23.2213
21.0049
21.8741
25.0693
21.7067
21.7826
23.6248
21.3616
22.2117
20.9996
24.9056
22.0478
23.1898
23.7029
23.8514
21.651
20.8531
26.1901
24.2513
22.2654
24.3005
23.634
22.2772
22.6656
21.8007
24.484
26.2838
23.0565
24.3265
22.7086
20.9371
23.4535
23.0045
21.0861
22.5551
19.9891
21.2385
21.9219
22.3537
23.3677
23.2878
22.5883
20.9982
23.7436
21.0499
21.678
26.3944
22.8109
21.7281
21.3593
22.8748
23.7901
22.348
22.5363
25.3094
24.009
23.199
23.2423
23.6862
22.907
23.9457
23.5644
22.6895
22.2109
23.2907
23.427
21.9405
22.365
22.0569
25.4354
23.6116
24.3703
24.6062
20.9372
23.8977
25.0882
23.1627
21.6012
23.3188
22.5838
23.3087
25.5233
22.3426
24.2596
22.8601
22.3421
22.7008
21.1067
24.0547
22.1804
22.7545
24.042
22.8725
24.2833
26.0779
26.1333
24.0283
24.4292
21.6701
22.4805
21.8687
23.1563
23.9879
23.8104
22.7649
23.8431
24.3784
23.3454
26.5274
23.4805
20.4222
23.4145
22.5638
24.3512
22.9603
23.2653
20.5187
23.4058
20.9456
24.5305
24.1093
25.2943
22.9836
23.1183
21.8054
27.3289
22.9206
22.7613
22.9345
21.7557
21.9326
22.9982
23.888
24.3152
23.5856
25.3154
23.8799
22.8125
23.1269
23.6285
24.8687
22.0103
22.45
22.7433
22.5045
22.3527
25.1213
25.5224
23.2252
25.2076
23.2195
23.9071
23.5471
22.1495
24.4628
25.5324
24.5583
21.6364
25.5663
21.2838
22.3388
23.7944
26.1594
23.6198
23.8653
23.2027
22.2545
21.6977
23.8897
22.2346
22.5622
23.2275
24.1348
22.7107
22.0144
22.6705
22.0744
22.4704
23.0203
23.5709
22.9259
23.554
23.387
25.23
22.0319
22.8749
23.7618
25.7849
23.7786
23.469
22.2499
22.85
23.8274
22.5587
23.5512
26.6671
25.6408
23.362
22.9949
21.3294
22.5059
25.1809
26.7045
23.0755
22.0182
24.9836
22.8611
24.3873
21.603
24.6512
22.424
21.4872
22.3899
22.0266
23.7552
22.3981
22.3986
24.6658
20.9497
23.0372
22.3052
21.7318
24.2973
22.3856
23.5362
23.8519
20.9139
22.1305
25.2911
22.0681
20.5942
22.6153
24.45
23.3775
22.0528
23.4094
23.8386
25.4129
24.3126
23.7833
22.6232
22.3378
22.9993
23.8251
23.6664
23.786
23.7771
21.9719
22.2733
21.296
21.9634
24.4787
24.5467
24.9983
20.8271
21.4539
21.7646
24.38
22.8916
22.8612
24.8272
21.0736
21.4939
26.7527
22.6396
21.6669
21.4554
20.7147
24.6889
26.7313
22.5304
23.0556
21.1914
22.8095
25.0571
20.5639
25.903
22.3028
23.0696
19.9197
23.5981
22.4315
23.2487
22.4108
22.16
25.3355
21.782
21.7537
22.1223
22.019
22.4283
22.7149
24.6666
23.7518
24.9554
23.5298
23.372
21.8407
26.4407
22.819
21.7721
22.5987
22.6738
23.4271
24.8912
26.9473
23.7793
25.4664
25.3067
22.871
24.1726
22.6945
20.6509
21.1708
22.1161
29.1154
22.3612
23.2455
24.4132
23.9616
22.8379
23.0993
21.9583
26.1597
23.6527
22.7962
24.3191
24.2714
23.3081
24.1139
23.5206
21.4981
24.3481
28.2728
23.361
23.2817
24.5281
21.4376
24.1258
21.8169
25.483
22.8661
23.9533
23.1094
22.3191
23.47
23.6043
21.8314
21.122
24.4369
21.8612
22.0541
24.8099
21.3782
25.2755
22.7347
24.6587
22.6442
22.4047
22.4391
25.3261
22.9609
22.469
23.211
23.7739
25.405
23.9511
22.6555
21.6316
22.8104
24.7354
22.0059
22.2194
25.0686
23.0561
25.1781
25.8212
22.7487
22.1718
23.4528
25.1577
21.8779
21.5604
22.8517
21.3277
24.7422
23.5671
22.5513
22.1612
23.4635
21.0843
24.4665
23.1445
22.9427
23.8381
22.8096
21.0454
24.8925
22.8115
21.8164
23.5368
23.248
25.8885
22.748
22.3839
25.7628
22.2637
22.0737
23.7495
24.3775
24.354
27.2587
22.3176
23.7431
24.5348
25.5222
22.822
22.737
23.2875
22.9149
24.706
22.7325
23.4435
23.9446
22.5543
23.8242
24.9229
23.8488
24.0184
22.3784
27.6993
22.423
23.7786
24.8545
24.2369
21.8909
23.6184
21.4168
22.591
20.6735
22.0083
20.8903
23.0807
22.9433
24.7152
23.314
24.9251
23.8215
20.7683
24.5704
23.7457
23.1221
22.3199
20.5404
22.5404
22.0458
21.6103
21.4174
23.7151
22.7593
23.3035
21.9918
23.5059
22.3232
22.427
23.6673
25.3819
25.5783
22.6883
25.4345
22.9738
22.7882
21.5848
21.4237
22.2067
23.626
25.8507
26.0734
23.4137
23.1294
24.1953
23.7934
24.133
23.9095
21.7541
23.1478
22.4177
23.8131
22.9116
25.1743
24.1589
25.3425
22.1977
24.4869
22.4141
23.6514
22.1329
23.9568
23.7934
22.4144
22.3956
23.2973
23.0097
21.7872
22.6021
21.3695
22.4967
22.2505
22.5597
24.5607
21.9244
20.1264
22.4345
21.7026
23.6881
25.0555
22.1629
21.5194
23.6212
21.4713
25.048
21.8564
20.5524
23.2935
22.7735
25.9489
22.6601
21.5091
23.1751
22.8165
21.7395
24.2794
25.3466
21.276
24.1671
22.07
23.2601
23.8237
24.2683
