18.8516
19.6144
20.0348
21.4305
19.4492
20.3633
25.5471
20.7386
21.0836
21.4469
23.3794
19.2254
21.4359
20.114
20.2496
19.5686
21.0558
22.4391
18.9626
22.1973
18.7198
21.7949
19.5345
20.6326
21.8082
20.1442
18.9879
21.008
21.7507
21.4392
19.1381
21.0538
20.2695
19.8515
22.4006
21.3848
20.1988
19.7135
20.8464
21.2862
24.7313
19.7715
20.959
21.4817
18.8577
18.4123
20.6415
20.9202
19.4095
20.1993
18.9252
20.6265
19.5468
19.4696
22.6785
19.7974
20.2699
18.721
23.1676
22.4334
20.6831
21.9743
23.3552
20.1594
21.7625
21.0947
20.4547
23.1892
20.2548
22.6273
21.6913
21.0123
21.6114
22.6116
19.5798
21.454
20.4399
25.5844
20.7695
23.5704
20.7752
22.8485
21.4843
21.2968
22.4792
18.8526
21.0915
23.4884
19.8197
20.2459
23.4266
21.0971
20.4601
19.0911
19.8742
20.8482
20.8836
22.9975
20.4086
22.7669
17.9897
19.5086
20.782
22.1258
22.2106
19.0353
23.3042
19.2088
22.0291
21.3062
20.4035
20.4695
19.6462
23.2289
20.2298
19.039
21.6662
21.0828
18.5669
20.8551
21.1513
23.6013
19.0114
18.7031
19.2155
20.2027
20.5682
19.3682
19.0634
20.4261
20.8369
20.7232
21.6205
21.6416
22.7493
19.3506
21.2879
19.7906
20.6227
20.6317
20.7461
21.1371
22.271
22.7954
20.1134
17.7555
21.0273
20.6868
20.5225
22.8631
20.3711
22.5339
19.3505
20.1237
20.3246
21.4135
18.4485
20.3448
19.9826
21.7472
20.9311
21.9932
21.1059
19.9421
20.566
20.1072
21.8156
23.2185
23.9512
20.2099
20.1788
19.4304
21.0107
20.3101
19.9235
20.1527
18.5654
19.9261
20.2051
24.5328
21.2964
22.0127
19.101
21.3949
21.2225
20.162
20.617
23.3507
18.9212
21.0383
18.8327
20.5215
19.0603
21.7001
25.2507
21.0316
19.9874
19.1934
19.6612
26.1888
19.3021
19.6444
21.5102
22.0854
18.5318
18.4963
20.7592
21.323
21.8369
19.755
22.9868
21.644
22.0507
21.0846
19.6262
19.9641
21.2518
20.301
18.8144
20.877
21.1058
24.4764
19.5406
19.5223
19.3613
20.0061
22.5228
18.4275
25.4253
20.0367
21.1666
21.7419
21.6951
18.5927
20.2304
20.5319
20.329
21.1468
21.1717
20.0313
20.4664
20.8978
19.7809
20.8146
20.5618
23.5566
20.144
26.657
24.7304
20.1524
19.5162
20.4762
19.2832
19.6146
24.8526
21.6649
20.9313
25.2173
19.5656
19.1803
20.6764
21.9015
20.6731
20.3976
20.4722
21.5926
23.8711
20.9836
22.7868
21.2799
20.2927
21.8961
22.5686
20.7606
19.4156
21.4155
18.7439
19.1821
21.4451
20.7285
19.4855
20.5711
20.7601
19.1623
21.1667
18.9881
20.6045
19.3131
20.1519
22.6959
19.5259
21.6678
19.274
20.61
21.9292
20.3555
22.0052
20.682
20.3722
18.7538
20.1798
22.1244
18.8389
19.1529
19.9993
21.4284
18.6366
21.3499
21.8448
21.1484
19.6319
23.7181
19.8935
18.6651
21.6842
19.6532
18.5585
19.0636
18.8245
20.3473
21.3862
20.8368
22.56
20.9639
21.1804
19.7
23.8258
19.9046
22.7233
22.5896
20.9208
20.6732
18.8675
22.2545
22.4437
20.4433
18.4709
22.1233
19.3875
21.4281
20.4528
20.1523
20.4622
19.6807
18.9714
21.397
20.5092
20.1745
21.1628
21.056
20.9286
20.1515
22.6367
19.768
20.7752
19.8563
19.2629
20.5371
19.2973
21.3451
25.421
22.7082
17.6121
21.1958
20.5662
20.8334
20.1728
22.1483
19.5443
19.4982
20.7495
20.1548
22.4689
22.5337
20.3618
20.7929
19.1322
18.2296
18.8795
21.1289
21.0318
20.0143
18.9564
20.7376
19.9647
19.3009
20.5304
20.1205
20.8616
21.2934
21.6159
22.5854
19.8778
18.1575
19.4502
20.3479
20.4397
20.718
19.1201
20.7667
19.3518
20.3693
24.9408
19.0476
20.528
18.6555
22.3
20.5617
20.7843
20.6955
18.9311
22.1869
20.359
20.071
19.576
23.035
20.4476
19.6466
18.9457
20.2055
18.1247
21.6779
18.8127
19.4641
20.7742
21.304
19.9303
21.8149
19.5835
20.1857
19.4156
19.3601
22.2217
20.2923
18.7609
20.696
20.0675
21.0027
20.2106
19.3286
18.7079
18.9449
20.5367
21.5836
20.5294
22.9337
20.3809
23.052
20.3873
20.5058
23.4774
21.0142
21.513
19.4405
18.9812
21.4411
19.1663
20.605
21.7525
19.98
20.1546
19.6449
23.9121
19.6876
24.0753
20.0451
20.47
18.6773
20.8844
19.0467
18.8328
19.6615
19.266
20.4158
19.1032
20.0585
20.471
19.5347
22.7534
20.8185
20.5706
20.108
21.1343
18.4305
22.0914
21.2771
19.6431
23.3054
20.5014
20.3956
19.5732
18.9384
20.9636
20.7917
18.4835
20.1137
18.4956
26.3926
24.933
20.3987
22.0669
20.4848
21.7363
20.2621
21.3719
20.1558
23.773
23.8913
21.0515
22.2735
23.1341
18.9798
21.2084
20.4924
21.1015
19.7237
19.2022
19.0866
18.0705
22.4255
20.1412
23.2333
19.634
22.9514
20.1674
20.1542
22.1939
20.8299
19.8043
20.2928
21.6762
21.0888
20.2747
20.3691
21.1354
23.8586
19.1975
20.6028
19.076
20.993
19.0012
21.2108
20.5121
19.9363
22.7165
18.3537
21.6263
19.5392
20.9803
21.0695
20.6433
21.1342
20.1536
24.6949
23.1278
19.191
19.7339
20.8494
19.9904
19.3049
20.2723
18.5596
20.5344
19.4542
18.8068
20.8574
19.2176
21.2808
22.073
18.9884
18.9895
22.6923
21.8119
23.0965
24.0094
22.9807
20.3516
19.8671
19.4073
20.9074
24.9625
23.8657
21.3112
19.1898
20.4109
20.6576
22.3148
18.8383
20.386
19.6193
22.267
23.0511
21.0296
20.5982
23.3338
21.4121
22.1014
19.9939
19.2111
22.9104
22.5162
23.8419
20.7551
20.5824
19.3273
19.7378
18.5632
24.1686
19.6576
21.26
18.9284
23.7856
24.0653
19.6653
20.9538
19.6621
22.4589
19.5529
19.3011
20.958
20.6172
19.5365
19.1012
21.1335
22.135
18.8593
20.3037
20.7732
22.6357
22.1769
20.3794
20.3172
21.2081
22.905
24.383
24.1613
22.2032
22.409
21.1837
22.3388
19.3124
21.1415
22.3079
22.2444
21.2838
19.6041
19.9448
18.387
20.2238
21.2491
22.3079
21.0625
21.1098
20.2062
21.9373
18.8976
20.611
18.9395
21.3636
20.3641
21.1066
22.467
18.6074
20.6875
20.1663
19.6821
22.8884
20.2849
19.2502
25.0885
20.6639
23.1815
19.6402
18.6726
19.9198
22.0529
18.4584
24.3793
20.125
20.9882
21.5757
21.1431
17.7145
20.0785
18.8305
19.6251
21.1854
18.1081
26.0084
22.4603
24.3891
21.6737
20.2434
23.307
21.4177
19.3558
20.353
21.0246
20.8228
22.9303
23.6663
20.0208
19.4844
19.9334
23.0463
18.4676
22.54
19.5435
21.3664
19.7224
20.9615
19.0921
19.7926
22.5227
21.937
21.6591
21.315
20.9189
19.5076
21.1819
19.7393
20.0603
18.8354
21.6197
20.5858
19.5813
22.2285
19.8705
22.6412
22.4752
20.1097
18.5066
19.7798
19.0844
20.4994
20.457
22.6891
19.654
20.369
19.8841
19.8337
22.869
20.8307
23.1595
21.8013
20.9562
20.4234
18.995
26.1875
19.5934
24.1984
22.3601
21.468
21.8499
17.9577
22.2593
22.9624
20.4109
20.1719
20.728
23.978
21.0468
21.3045
20.5092
22.3018
19.3892
21.4149
24.3147
20.9071
22.8082
20.7045
24.593
21.3993
19.6406
20.077
20.1382
19.8662
21.1446
20.9906
21.902
20.9595
18.796
18.8347
19.7268
18.9633
19.5942
18.68
19.7097
21.2836
21.5131
21.4157
21.2499
19.8538
23.526
19.8607
20.8293
18.962
21.8702
22.2563
21.3854
20.0393
22.3102
21.7954
19.0802
20.7544
19.8066
18.9921
20.4836
21.3641
20.9038
19.0893
20.4729
20.9576
19.6317
19.9202
20.527
21.7194
20.1485
21.8747
20.3895
21.6795
19.8972
19.7265
22.4624
20.834
23.1454
21.2067
22.1751
21.2237
21.0057
19.0859
20.1047
19.6005
21.3275
23.2136
18.3987
25.2145
21.2111
20.1998
22.3951
19.5209
21.7368
21.431
22.5215
18.6476
18.8517
18.6495
22.3308
19.8129
20.9275
17.5039
18.7625
20.3151
20.0087
20.935
20.9344
20.0713
21.4971
21.2486
20.4702
19.9282
20.0423
19.5978
19.1904
18.6111
20.0653
21.3215
22.0414
22.2899
21.9693
21.2943
21.6209
19.787
19.0712
19.8143
22.2773
19.8342
24.3084
20.7501
22.5354
22.6956
19.1098
22.1643
20
22.9214
20.5092
19.7232
20.5851
19.9875
22.1986
20.9063
20.0646
19.5902
19.5955
20.5527
20.9445
21.3229
20.2953
22.8886
20.2034
21.2716
18.8986
21.7999
21.4382
21.8472
20.6608
20.4947
21.2031
22.2632
19.2508
21.0467
19.8988
20.3787
19.9156
20.2939
20.3884
20.2747
19.897
20.4673
19.123
19.4298
19.975
20.5174
20.6444
24.2735
20.687
20.9994
23.5501
18.0877
22.2456
20.3849
20.5559
22.5592
23.7534
19.457
20.7967
24.3026
20.8875
20.121
24.6868
21.7238
23.0485
20.4768
18.7297
20.7814
20.1465
22.643
19.0428
17.7245
20.1134
21.8032
23.3408
20.3887
21.588
21.0829
20.2497
21.6159
18.81
20.2968
18.8836
24.6417
19.2512
18.2817
21.851
20.5068
20.7402
20.8854
19.5853
20.9
21.5356
23.501
21.0561
20.2392
18.8541
18.7185
20.1053
22.1534
23.1129
20.2425
19.5425
19.3864
19.5392
19.5393
18.9092
19.2234
19.2574
20.59
18.6943
18.8299
18.4285
20.8608
23.4583
22.2889
18.0178
23.9068
19.7722
20.9062
21.4437
23.7518
18.4328
