20.3507
18.9075
18.3433
17.8471
24.7439
18.7689
18.9665
18.6878
21.9234
17.5715
21.7763
17.9586
22.2331
18.6649
17.365
19.6109
19.0528
16.8942
17.6378
18.4302
19.8918
17.4543
18.2702
21.4544
18.7112
16.4667
20.0928
19.6112
21.6539
17.7512
18.5868
20.6718
19.6748
18.9042
17.7682
17.5924
18.8511
22.3376
20.6528
19.5713
18.5492
17.4983
20.4458
17.0475
20.8536
18.4318
18.2423
18.119
19.3513
18.2613
22.0542
18.3565
19.157
18.8359
20.5456
17.42
18.0117
19.8412
20.1913
20.3608
20.8699
20.0225
17.874
18.2532
18.1068
20.5642
19.293
16.2781
17.5088
20.8477
17.8508
19.4623
21.498
18.0059
17.9896
21.9913
18.048
18.0368
21.452
18.6964
20.4098
20.1246
18.7291
18.5441
20.1307
18.6848
20.1336
17.2255
18.0164
21.9015
17.4778
18.354
20.3795
20.5324
19.6078
18.2859
22.9074
19.3374
20.6854
18.305
18.2409
17.4305
19.2719
19.5428
19.7131
18.3634
18.257
17.1914
17.2741
20.8866
21.0756
19.824
17.45
22.2227
18.5498
16.9807
20.3777
19.1316
20.6995
17.6685
20.447
18.7742
22.2487
22.2941
17.6034
19.2663
20.3062
19.0064
22.3159
17.6935
20.1224
18.3867
20.7622
17.8856
18.8029
18.8854
19.3329
18.6162
21.6746
18.7929
20.0037
20.1613
19.8864
16.7183
20.2718
23.9284
20.912
19.4412
18.3386
18.4274
18.679
16.4902
22.3792
18.0255
17.8711
19.1522
18.5562
19.5307
19.7358
18.788
17.6431
17.7711
19.3572
18.2731
19.9025
18.5145
17.8056
21.4132
18.791
18.5055
25.6399
17.9563
18.5984
18.9485
17.008
17.3817
20.4281
19.9697
19.8673
17.2917
17.1206
19.7963
21.4826
23.1945
18.6923
19.7387
18.9304
18.3898
19.3809
17.9997
19.9903
18.8353
18.6035
18.0477
17.6826
19.0208
17.9035
21.2023
20.0273
16.7998
17.5104
18.2282
17.8777
18.8497
20.3111
19.2101
20.0708
22.3156
19.0307
20.0745
18.9649
20.151
18.6908
19.2907
18.9596
19.2032
20.361
17.8278
17.669
19.8977
18.5671
17.8661
19.9399
20.1538
23.2765
22.7052
17.7312
19.201
18.4769
23.2936
18.0327
21.5496
22.3123
19.6264
19.9447
18.6297
19.0532
16.9899
22.4803
17.9819
18.8609
18.8175
17.7315
18.5392
18.1071
19.6888
20.4889
17.1476
21.831
17.1422
20.4946
17.8331
18.0649
21.8988
17.5992
18.4202
23.1124
23.7682
23.8209
21.3157
19.1362
17.9668
17.2386
18.5435
19.1634
18.1943
22.0442
18.5417
17.7037
19.2906
18.7593
21.5184
20.6751
17.1859
21.8269
19.1359
20.6126
18.6715
17.4621
19.3767
17.2571
17.8494
19.2978
19.6766
22.0549
22.9736
21.1863
18.172
18.9033
21.228
22.7362
18.2787
17.938
19.6505
20.9128
26.2027
20.7102
18.4355
19.4049
20.941
18.851
20.9673
17.9867
21.3938
18.9606
18.0922
19.5273
20.5219
16.8161
20.7261
20.4494
17.9435
17.7261
16.9705
19.0847
18.0124
18.9923
20.7988
23.1106
17.8313
23.5065
17.8003
20.2582
16.9496
19.1508
20.8738
20.19
18.779
17.2657
18.7419
21.089
18.2397
17.7476
17.6674
16.8775
16.8862
18.6972
18.0402
18.962
21.4773
22.6718
20.956
20.1091
18.0028
20.9713
18.8994
20.0491
19.2093
18.5655
19.3519
17.1731
19.8548
17.1806
18.2374
18.6771
17.8263
20.7625
26.1036
19.2047
24.8504
17.3023
19.8393
16.7487
20.6985
17.9878
21.4803
24.3336
18.0214
19.0357
19.5815
21.4376
21.9078
22.1539
20.1493
17.1147
17.3162
20.1055
23.7692
19.6893
18.482
18.5427
22.3316
20.3137
19.489
19.7502
22.289
18.5514
19.5068
21.0034
18.7527
19.049
18.0596
18.5907
19.0982
21.7774
20.184
18.3206
16.8883
20.4866
20.9924
20.7396
19.7277
18.8219
21.151
18.1499
18.9677
18.532
18.0793
18.6471
21.8059
23.9009
18.3785
18.315
18.0264
22.8252
19.3954
18.6393
17.977
18.0729
17.9971
17.8596
19.8617
17.3702
18.3798
18.2211
19.0754
18.4553
19.151
18.7462
21.4053
18.3783
20.7485
17.2597
17.3044
18.1122
20.2863
18.4242
18.4596
20.1757
17.5956
18.1543
20.6784
19.1375
19.7527
20.1297
18.9091
19.9716
20.5757
19.4938
18.7827
18.7902
19.011
17.6724
22.6233
21.3888
17.0216
24.6418
18.0191
20.3199
18.4582
18.1572
19.4772
19.5097
18.1999
21.3344
18.5128
18.3033
18.4289
17.4616
20.003
17.1685
20.2598
18.1125
18.1326
19.1257
17.3323
17.8547
19.204
21.1681
21.3079
19.4719
23.4254
20.1985
19.1757
18.5574
17.1829
19.006
17.8445
20.7975
18.9758
19.2857
18.563
17.9092
18.0833
16.6937
18.7582
16.9451
21.0388
19.4379
18.9451
17.4313
22.5789
24.8558
20.232
20.064
21.1002
20.9191
17.9357
18.5625
22.0811
19.9535
18.04
18.8421
19.6032
18.7026
20.299
18.5139
19.8505
21.2143
19.3125
18.1802
17.2483
17.8836
18.5305
20.3827
18.8442
18.6627
18.1974
19.2279
19.9833
22.0482
20.376
17.1667
19.6285
21.1576
18.5805
18.3908
19.5806
19.1799
20.4989
18.1361
18.3068
20.3196
17.4368
20.709
19.0214
19.3907
17.4235
17.8443
20.8174
17.5114
20.0473
21.7327
18.4286
18.6592
18.0721
18.0778
18.7102
18.3596
18.3118
19.2049
18.4292
18.3971
20.4629
16.6146
18.3735
18.8043
22.2098
19.1343
18.2679
20.4478
22.052
17.3516
21.1336
20.6103
19.5473
19.5193
19.8649
18.7469
20.7479
19.2046
19.4304
18.5954
21.2197
17.9571
19.1614
22.182
20.7745
18.6527
19.8748
20.0765
20.3784
17.3129
18.6249
19.1243
19.6976
23.6234
17.9575
21.2245
17.159
21.325
18.2777
21.1235
21.6233
18.0633
17.9203
20.0374
17.0224
20.9637
21.2411
18.0684
18.3563
18.9299
17.9778
18.3864
21.9904
21.7098
18.8844
18.4991
19.8663
17.588
24.4174
17.3259
19.3979
20.1345
21.0002
18.0737
24.3208
21.3763
17.9523
18.2784
20.5793
19.668
22.3259
18.1893
17.6409
17.1138
19.3766
16.6595
21.6823
18.9106
18.6636
20.705
17.8252
21.5004
22.4333
18.0171
19.2962
17.5854
22.0538
21.8265
19.6396
19.1699
20.7197
20.6728
21.2773
17.9333
20.6516
17.5459
19.3086
20.2727
19.4226
17.4464
18.2093
19.8317
18.2627
19.9946
24.5786
17.3488
18.3449
18.9074
20.3066
20.9038
19.0672
18.2838
21.6157
19.042
17.2409
19.4063
17.5119
18.7342
17.5334
23.7204
18.1419
19.5708
19.6937
24.1644
19.4174
19.4559
19.2479
17.7204
18.0393
17.5438
16.7198
21.2532
18.6971
22.8817
20.1078
18.6343
20.2128
20.5532
20.4273
16.9754
18.6464
18.1191
17.9688
18.2734
19.5689
20.3366
22.8631
21.2123
19.3878
21.4794
19.0777
23.0076
18.4617
20.586
20.3502
19.1434
20.4096
18.6733
20.0939
17.0012
20.3946
18.1119
21.0745
18.6237
17.6407
23.6294
18.8884
19.13
23.6731
17.0526
20.9207
21.2505
19.169
24.2887
18.4159
23.2578
18.2098
18.3643
17.794
21.5964
17.736
19.8327
20.3729
18.5758
18.1422
18.5666
22.1614
21.2006
19.3708
20.0896
20.4586
18.3521
18.3305
19.6414
19.4993
16.6945
20.4107
23.4388
19.6201
18.6966
18.7572
16.5097
19.2453
23.732
20.54
23.1781
18.1318
17.6206
17.2816
19.5175
19.6852
19.1109
19.5605
20.5668
22.2588
19.0306
19.4198
23.2115
21.842
19.4777
18.5611
21.1837
17.9482
17.9319
20.2506
18.3556
21.1758
16.4775
18.7431
18.8805
17.7462
18.8542
17.9619
22.6559
18.2879
18.1732
22.22
19.9002
17.5199
19.435
16.8204
17.5617
18.0659
17.2301
20.4502
21.4268
20.5142
22.6934
19.4715
20.8837
20.5657
17.0896
21.2636
17.8602
21.4475
19.2944
19.8823
22.3231
19.9364
20.4868
21.781
19.7331
18.7255
19.1834
20.1528
20.0223
22.2539
17.0986
19.7529
21.6195
18.6215
22.2069
17.312
22.4205
17.5166
19.5008
18.9471
19.5411
17.8908
17.2787
18.4563
16.632
20.0767
20.4909
17.2763
21.557
18.2279
17.4955
19.6964
19.2673
18.5286
19.0167
23.7371
20.5981
18.6636
18.5295
18.8846
17.7176
18.0652
19.6749
18.1116
17.9424
17.949
19.3533
18.9751
20.5585
18.1768
19.5319
20.5397
16.9745
17.8159
18.1365
19.106
18.0302
20.4031
20.4087
20.3991
18.0584
19.9058
21.7655
18.537
21.9998
16.744
17.7511
21.5978
20.0533
20.6417
19.2626
19.0259
19.5571
22.3296
18.7714
17.7292
18.0767
19.725
22.3181
25.3343
20.7795
20.5529
18.273
23.7351
21.3461
18.2726
21.1513
17.9865
19.7538
17.4525
16.9515
18.1546
21.4881
18.7605
21.19
21.0505
20.0645
18.455
17.0221
18.8835
19.5238
18.6738
17.7501
19.5753
27.0854
23.5308
20.5559
19.885
20.4933
18.5778
17.0918
19.3471
22.2161
21.426
18.0852
20.7096
19.7088
19.761
17.401
20.9207
22.763
19.0885
21.8352
18.2912
18.4543
17.0024
18.0975
19.6949
20.4606
20.1392
17.9971
16.5487
19.1887
18.3082
19.7848
17.2366
18.3694
21.3623
20.4376
18.3843
17.1513
23.961
19.5339
17.4505
20.219
17.8086
16.734
18.3316
19.499
20.5038
22.8253
20.091
19.2903
17.5846
18.9884
19.3163
19.3313
19.0854
18.3015
17.9812
18.2334
17.5555
18.4174
16.9544
17.4002
16.7009
21.3512
19.2044
19.5136
19.2047
17.0651
22.8606
24.692
16.7449
17.7704
22.7233
17.9262
19.5438
23.6923
18.4937
