17.4478
20.5975
18.8701
18.6588
17.5345
18.64
24.2786
17.0408
22.0778
18.765
18.7007
19.177
17.6106
18.6119
17.967
18.6049
21.3609
17.7759
18.3122
20.8448
17.9891
16.5719
16.2129
17.3848
17.5665
17.645
18.4101
19.5533
20.6374
17.5171
19.198
18.4504
18.7828
20.671
19.355
17.6011
18.0533
20.46
19.241
18.1516
18.99
19.3193
17.597
16.7536
18.5809
18.0231
22.0703
17.7017
19.9016
18.1795
22.0896
18.9145
21.1289
20.2903
18.5678
16.9507
18.3273
17.6232
20.0883
19.9025
19.7625
20.8857
17.7685
16.884
18.0075
21.8286
20.4675
20.4714
18.8857
22.7733
17.2418
18.4287
17.582
20.8678
17.8804
17.7167
17.6268
20.5139
20.3579
21.766
17.7702
19.6598
21.1526
19.8425
19.1612
21.6829
18.1288
18.2005
18.389
19.2578
20.6496
19.0881
18.1079
17.6866
18.0003
17.1928
18.6944
18.0955
21.6092
17.2455
19.6497
20.7425
16.8686
18.3625
21.1774
22.7103
23.6639
17.2612
18.3692
19.3899
18.6269
17.4787
19.4507
22.1797
22.1923
18.1357
18.5857
17.2802
17.6837
20.7747
19.5928
17.0851
19.3173
21.2272
18.3924
18.6019
19.1642
18.3373
19.6534
20.2002
18.9694
19.8148
22.1402
19.5666
16.8971
22.2777
19.0441
16.4785
19.8256
18.1248
19.1657
22.3949
19.1722
17.9182
18.3213
18.4571
17.9851
19.4048
17.3736
18.934
17.5272
19.9769
17.9481
17.3757
19.3988
17.5449
20.0199
18.3705
19.219
18.3839
18.1547
18.6879
18.3204
19.0263
16.252
19.7984
22.1633
17.5936
16.8685
19.5364
22.3498
23.2943
19.7941
19.449
20.4006
17.5115
19.1561
24.2744
18.5392
18.0616
20.6298
18.4388
18.5536
17.5375
17.876
20.108
18.7426
17.0303
21.6031
17.5639
18.2773
18.6023
17.9159
19.3862
17.7803
17.8942
17.7651
19.6824
20.1373
18.3633
18.0384
17.2447
19.9628
23.0368
17.3874
18.797
17.3036
20.0729
18.8667
20.804
19.6458
18.7039
18.5333
19.3667
19.9128
16.6655
19.9955
23.5345
18.7873
19.6699
17.9494
23.1279
18.2815
19.3419
18.1777
21.9023
19.7519
23.5777
21.4027
22.9077
19.48
19.1124
18.5099
18.8056
16.8149
18.2708
21.8612
19.596
18.899
19.116
20.6817
18.2819
18.2059
18.5792
19.8926
18.4799
21.5407
19.5833
20.3063
16.7033
17.8549
16.8684
17.4771
17.8315
21.665
24.7945
19.0953
21.9036
20.5959
17.8259
27.8919
16.9285
18.8153
17.6296
18.2631
18.2515
24.0732
20.3578
18.939
20.5431
20.3352
18.7607
19.8142
21.7069
17.0902
18.8646
18.1377
18.7462
18.9869
16.5787
17.9588
17.5961
17.0876
19.0777
19.299
23.0646
21.9422
17.9949
18.5165
19.1252
21.0878
17.6637
19.2688
18.0745
19.4
18.267
26.3532
20.5781
20.5616
20.9246
18.589
21.8151
21.7944
18.5643
16.3452
21.4322
17.644
18.6851
19.313
17.5574
20.3714
17.629
22.168
17.6435
20.4009
17.0858
17.3839
18.8444
17.459
18.7413
16.5225
23.0224
20.8264
22.6448
20.2422
17.9553
20.0033
18.3654
19.2338
17.0245
17.1825
20.7424
16.8566
17.7673
16.1186
19.3579
21.3653
20.1207
19.2176
20.5707
18.4147
19.5467
18.9793
17.9288
19.4912
19.4269
21.0942
19.542
17.897
18.2562
19.3708
20.5653
18.4761
20.0723
16.89
18.6313
16.9853
16.5385
18.4862
21.3317
17.376
17.8732
25.5364
19.3635
24.6392
22.7519
19.451
19.908
20.5031
17.0778
17.9191
19.7344
23.4605
19.4711
18.6898
18.1316
18.9197
18.9741
21.9296
19.122
16.9826
19.4491
23.653
17.8341
18.0589
22.2203
18.5079
20.0495
18.0459
21.5524
19.219
23.6968
16.5682
22.0842
23.6637
20.819
19.3593
19.1998
20.8876
19.0095
17.9589
18.8084
17.2354
20.208
21.6685
21.0161
17.9451
17.7238
18.3494
19.2466
18.178
17.9877
17.7738
18.1537
18.4241
17.6515
23.0059
16.8995
17.6649
18.0832
18.043
18.175
17.7914
18.4984
21.1586
17.7519
18.1016
19.3585
17.0238
18.9812
18.0577
18.3872
18.567
17.1626
20.1886
20.596
19.7801
18.4211
18.8123
18.6305
20.3432
18.9797
18.9194
17.8284
18.652
24.8172
22.6059
17.5786
16.8913
19.2409
18.7887
20.4708
20.0714
19.7676
19.3575
17.7901
18.5189
19.0218
17.2162
17.8942
18.2895
18.6183
17.254
24.3099
19.4949
24.1262
17.9927
18.7001
18.9108
17.8651
22.7879
19.9999
18.4107
19.4259
19.9415
18.1906
18.272
19.7108
17.8277
19.0768
16.7873
17.7549
17.8491
17.1234
17.2212
18.8048
18.1536
21.2149
22.5706
18.0118
18.8923
18.8308
16.9254
22.7626
18.6195
19.7982
20.8886
21.2925
19.0483
17.5568
17.6169
21.8524
17.6539
16.8021
17.9354
17.9151
19.3181
17.1554
22.1315
25.696
19.7417
20.9282
20.6187
17.4575
20.4754
17.964
19.1196
20.3351
18.9531
17.7925
17.953
18.9685
19.0399
21.7963
19.6525
16.9276
19.1005
18.4959
19.452
16.8317
17.6303
18.2145
20.0677
18.443
20.1961
18.0333
25.5996
18.9656
17.4506
19.4859
16.9023
19.3697
21.6458
18.3841
21.1481
17.8118
18.0106
21.7472
18.9099
18.2992
17.8593
20.2056
19.9938
18.2342
18.1991
17.1243
18.7918
22.4856
17.0881
17.9829
20.6605
20.194
19.4919
17.1599
18.0578
20.0807
17.8333
19.3806
17.9984
18.2
19.6457
18.7726
16.9948
18.4513
17.7628
16.466
18.2636
22.6025
18.4191
17.9846
21.5156
19.8001
21.509
16.9154
19.3153
18.3289
19.4181
19.8214
17.3981
20.512
18.5241
17.4919
20.9463
18.1624
20.8421
18.9402
17.7975
20.4061
16.7064
17.9259
19.1619
20.1458
18.1095
18.5083
18.7858
16.9892
24.4827
21.4913
20.5167
18.2261
21.2409
19.59
21.4044
17.2483
18.7647
17.3227
20.8199
19.7646
24.5123
20.9503
17.3982
18.1255
20.26
17.5162
22.6602
22.4326
18.1919
19.5946
17.4769
16.8681
16.4554
18.7636
24.7524
19.037
20.0025
17.5225
17.7276
17.6792
17.1287
20.9294
21.8282
17.929
20.5146
19.007
17.2859
20.4182
19.0807
17.1959
21.3482
20.888
20.3608
17.2551
21.2681
17.8831
22.1685
24.5484
19.0262
18.6428
21.7926
20.9212
18.6745
20.4797
18.9357
18.7743
20.5395
19.0129
17.6641
19.56
20.3946
23.3779
19.27
19.3359
19.1744
24.4264
20.2609
19.2302
19.3714
19.0494
19.7735
18.2494
18.5801
21.023
18.3459
22.7731
20.528
18.6878
22.3998
20.6899
21.33
16.5802
18.94
18.4396
17.2637
17.8601
17.3348
17.8629
19.2995
19.8455
22.5343
20.6427
19.1608
17.3375
17.5611
19.887
17.6646
20.3532
16.6082
17.9699
19.8059
19.7754
20.0194
20.12
20.303
17.8474
23.0582
18.0886
18.2783
20.2334
18.9296
17.42
18.7956
16.802
22.0819
22.2081
20.4697
18.1157
19.4937
20.4639
24.1611
18.8765
23.0204
19.5926
19.0014
17.5598
16.2353
17.8296
17.6249
18.0345
18.6782
23.638
19.3517
18.3195
18.9044
18.1574
21.0431
18.1301
19.6473
17.7985
17.8845
17.9774
21.329
19.2556
20.1211
19.0677
17.6416
19.3525
22.053
18.7911
22.3466
18.9619
20.3376
20.1822
17.7898
19.6225
17.0022
17.225
20.5083
24.0001
19.3681
18.8019
16.3192
22.214
19.9031
19.354
17.6878
18.8064
21.1265
17.3527
17.753
19.4965
18.084
19.1742
15.9711
17.6029
18.8094
18.3259
18.2244
24.2493
20.5876
22.0312
21.7032
16.8162
16.767
19.5293
17.7051
17.117
20.0002
20.8729
18.1285
18.4683
20.2235
17.7978
19.182
17.3461
18.995
21.0691
18.0054
20.5532
18.0703
19.1777
17.5629
22.1121
18.0592
21.6945
17.6133
21.6156
20.1821
20.1584
21.2145
17.5292
22.3526
18.2578
19.7441
22.4885
17.7876
22.2611
22.2571
17.6987
18.814
17.051
17.0893
20.5632
19.7171
20.7682
21.3443
19.7596
17.292
19.4022
18.9294
20.7718
20.2913
18.4775
19.857
20.2096
18.2851
19.4968
17.6545
23.9693
19.9339
18.797
17.9337
18.3136
17.5424
17.7295
18.6698
20.943
17.643
19.7673
18.2406
17.0147
17.8053
18.1053
17.9766
19.5739
20.1103
18.4226
19.725
24.5605
19.5175
18.5067
17.1699
18.6058
19.9115
17.9868
17.9591
17.8504
23.9617
18.8268
19.2982
19.9624
19.318
19.0105
17.5505
16.9526
19.4212
17.7207
19.4555
20.4691
18.7586
18.7319
21.139
18.981
20.2156
20.5619
18.2588
19.4672
21.4814
17.8892
18.5002
16.481
21.798
17.6788
20.997
19.8149
20.87
18.0879
18.4015
20.1592
18.9945
17.7992
17.3243
18.8258
22.1435
24.2426
20.252
19.7701
19.6812
23.8234
18.3073
18.0906
18.0493
17.9765
22.125
17.7187
17.4623
18.6215
19.396
21.7672
18.7379
18.7869
16.9439
17.9556
18.6167
23.0763
18.6169
19.4804
17.4813
20.2207
16.7362
17.0039
19.0593
19.5128
20.4626
21.2227
20.1695
17.7495
21.0482
17.1025
16.8667
23.406
22.4555
20.0531
24.9185
17.2058
21.8981
18.9202
22.1151
16.7691
22.9116
17.769
19.0906
20.1833
20.9766
15.7934
19.2091
18.5394
17.9279
18.7657
18.5839
16.6182
17.1232
18.1002
18.3158
18.4221
17.3926
19.2734
21.4878
23.6722
17.4287
19.3457
17.3873
16.5655
17.9531
21.5545
19.8224
17.702
17.281
19.5436
19.9776
19.6801
16.9579
18.074
19.3576
16.7074
16.4933
19.1543
20.9538
16.8469
24.7192
18.8695
