20.4497
17.0766
18.3371
18.5025
17.4597
23.8437
18.6848
19.8981
16.8816
18.6569
18.0897
22.4458
17.8545
18.0639
18.8406
18.4838
18.716
18.2416
17.2041
17.5331
17.3774
20.5681
21.2139
24.5546
17.9256
17.7859
17.7215
17.5199
20.3031
16.0741
18.6372
18.3008
17.3373
18.4795
18.3738
19.4636
24.0401
17.3728
20.1059
23.7454
17.7178
19.1619
18.7518
16.584
20.5437
17.6243
17.9511
18.7792
17.2357
17.6607
20.6982
20.0116
18.7252
18.3647
18.2405
20.0961
18.3414
19.8796
17.4494
19.6827
19.5683
18.7731
16.7153
17.7934
19.589
19.3931
17.1586
19.7256
19.0439
18.2684
20.3088
20.4922
17.8374
17.3557
18.6056
20.1414
20.9536
17.7585
17.5475
20.9869
16.9642
19.5707
21.1074
21.5276
19.3658
22.1641
18.8927
18.9
19.6342
17.9412
17.7328
18.1749
19.2313
19.0468
18.5243
17.454
17.0188
16.9366
18.94
18.3518
21.8506
20.6486
18.8806
21.0758
18.1579
17.2858
17.0604
22.7871
17.7879
16.9663
18.5085
19.2544
17.3681
18.0807
22.0698
17.2242
22.1433
21.9991
16.7837
18.153
20.6106
17.4881
19.2876
19.0865
18.5599
21.1899
17.1055
19.9642
22.0621
18.3875
17.8822
18.1281
19.0133
20.0447
19.6263
23.125
19.6936
17.8057
21.1013
18.1447
22.2767
19.3646
21.8762
18.7726
17.9646
19.8605
18.398
23.804
17.2476
16.7064
19.0552
18.7507
17.7103
17.5315
18.026
19.6239
17.3952
17.4001
17.3946
22.6716
19.4524
17.8345
18.9155
20.9814
19.0082
17.0322
17.8443
18.2914
18.1895
24.215
18.5186
18.3568
19.2122
20.4326
22.2271
18.3714
17.7171
16.7937
17.7372
17.1698
19.3277
16.8237
23.3035
23.8271
19.2292
17.877
25.4244
17.9394
19.5031
18.3398
17.8789
19.4528
18.1492
21.4886
16.7777
19.9237
18.5333
16.8922
17.19
17.3414
19.0121
17.8025
17.8994
17.3055
18.3652
19.735
17.7974
19.6961
20.0146
18.4462
17.4032
18.3032
18.4777
23.8426
17.3415
18.7096
20.2394
20.2803
23.1993
18.8093
18.5101
18.9586
19.0716
20.0244
20.7321
20.6307
18.4699
18.0618
19.704
18.1935
19.5114
20.5391
17.9186
22.6562
18.2586
18.1676
19.4808
23.6773
16.5687
20.6068
16.6714
17.0511
19.3823
21.5118
18.3395
18.8745
20.4864
20.3789
21.4384
20.2725
18.4552
18.4762
17.6773
18.5708
18.1437
21.2458
21.2693
24.1375
20.1669
18.922
17.7586
19.1391
17.4956
24.3877
18.8732
17.2272
17.4881
17.7517
16.6482
17.1102
18.6515
17.5119
18.5358
18.1327
16.4647
18.6667
19.6006
21.6265
16.8599
21.632
18.4487
20.1315
22.5082
18.6748
17.9275
17.4419
18.4686
18.9421
17.4568
24.8205
18.4527
18.1942
18.1507
21.2775
20.9947
20.7203
17.8926
21.6897
20.3459
19.2114
15.9442
21.3127
26.5436
17.5148
20.0446
16.9719
20.4102
17.0206
18.4882
17.2535
20.4349
16.0895
17.4158
20.7605
18.4091
18.7269
17.9667
19.2458
17.0386
20.2793
16.65
19.5442
22.2304
21.0816
17.4123
19.2209
16.7314
20.1007
18.6659
18.5535
18.8492
22.9859
18.815
22.9054
19.3719
19.4131
20.0457
18.0472
20.2156
18.7651
20.2906
17.2257
21.0925
16.3274
21.1113
16.817
18.8567
20.2765
19.203
17.4285
22.6056
19.4563
19.9779
19.7374
17.9879
17.7847
17.9356
19.4317
19.311
17.7003
19.3395
18.7952
22.7465
18.4486
19.2911
16.8336
16.151
17.7886
18.46
17.9689
17.4194
16.9097
26.5647
18.3914
25.3023
16.9487
19.4355
17.8395
20.4109
20.9792
24.5405
17.9955
16.4609
23.9754
22.6779
21.4837
19.0316
21.2517
21.7718
18.7437
22.4384
17.4302
16.9757
21.4476
24.4854
17.6969
16.9694
17.3598
26.567
19.6958
19.9361
17.7054
17.5688
18.744
17.4521
21.9186
16.4804
20.6208
18.9553
22.9097
17.963
20.5568
18.3476
21.093
20.9223
20.4903
17.8937
20.4402
20.0265
16.8328
17.5866
18.5187
18.5107
17.7908
16.5716
17.5353
20.1371
17.9603
20.6017
18.8012
20.1559
17.5451
18.7132
17.7792
18.7231
17.7533
22.6402
17.618
16.8977
19.1272
18.221
18.8749
18.045
19.8642
18.4377
17.3611
19.6312
18.4559
21.4996
17.3432
22.2836
20.1384
17.5491
17.1623
24.1854
18.8312
16.669
19.7436
19.9841
18.7293
20.3717
18.5606
20.605
17.1944
18.3125
16.8307
18.3472
16.992
19.2416
24.429
19.7482
20.9784
18.1829
18.7064
17.9543
17.9436
19.8398
17.5742
19.2454
16.641
18.0067
17.4273
19.4889
21.4837
16.4869
19.9234
17.6344
17.28
22.7025
18.6473
20.5823
21.0354
21.379
22.3926
17.2267
18.7416
19.7482
21.6401
20.3801
17.9629
20.8619
19.1031
18.9003
22.2975
17.4129
20.7102
17.2901
17.1613
16.7878
17.8336
17.7278
20.4129
20.5694
16.9431
24.3739
18.7293
19.5024
21.6121
20.4221
16.5557
20.4613
20.2095
18.5765
19.3138
18.7394
17.1917
19.4237
19.8653
18.9424
19.978
19.5038
18.9691
19.1126
16.6528
17.2948
16.6084
17.9101
17.6097
21.6068
17.9523
18.1112
27.2955
17.465
19.4798
21.5879
18.3526
19.4522
20.9851
17.2582
17.5731
19.7182
18.7039
17.9944
21.5367
19.9833
18.293
17.7661
17.6279
18.5327
20.0054
16.8424
17.2741
17.4032
20.9147
18.8066
19.1723
17.4627
17.679
17.8332
17.3765
18.3535
18.3844
18.4302
16.7741
17.7975
21.6503
16.458
18.302
18.2843
19.5929
18.0022
16.5582
23.6754
17.825
22.0055
19.2094
19.3603
19.6355
16.9952
20.3401
16.8905
20.9483
18.1299
20.726
20.6289
17.7541
18.8114
16.4741
20.2629
18.9498
18.7752
19.2811
19.9751
16.8831
17.4146
17.816
21.3431
24.5016
18.3426
19.3803
20.3342
17.3136
21.2268
17.0536
21.243
20.6967
17.8921
19.6684
17.3164
19.557
20.0366
23.7056
17.839
22.8925
17.0968
16.3473
16.7321
22.7775
17.0832
17.993
17.3612
18.724
24.8753
16.3066
17.2578
19.7954
17.5584
17.4785
17.7944
21.9422
20.5077
20.361
17.4924
20.2385
18.7673
16.9773
17.0151
20.8152
18.8568
17.2023
21.3117
17.587
18.9958
24.7658
18.4427
20.0862
20.7562
22.886
18.1365
18.8226
28.9465
19.0984
20.0253
19.4014
20.3177
23.1216
18.7569
19.1723
20.3044
18.1498
17.604
19.0628
20.2004
18.9046
18.8308
18.0389
18.9871
20.861
20.184
22.7246
16.3309
18.1129
19.611
18.6355
18.64
20.5987
20.0513
18.2745
16.7428
18.3152
17.8716
21.1165
17.8717
19.0619
17.1065
22.2856
17.2569
17.7899
20.8295
18.2388
19.4171
19.6443
18.9679
20.2032
19.5862
17.4372
19.8938
17.3545
23.3683
18.1001
16.4979
20.1202
18.6352
19.2078
16.6703
22.127
20.4953
18.7307
18.7231
20.2241
24.0764
17.6043
22.8423
17.8824
21.9099
19.5144
20.027
17.8302
19.7551
20.3136
19.0239
19.029
17.486
18.6932
19.7571
19.159
17.8566
18.4875
17.7889
18.1649
17.7778
22.289
19.284
19.5453
23.5468
17.7849
18.6632
21.4005
17.9128
19.0699
18.906
17.4807
19.6683
18.3305
17.0969
19.8255
18.746
17.1425
20.193
21.9909
17.5456
21.945
17.0682
21.6436
19.973
17.8812
19.4404
21.9146
17.5413
18.8531
24.2682
18.5929
19.0264
16.2567
21.0673
19.9305
28.4605
17.5607
17.1499
17.8783
22.335
15.8727
18.735
16.9611
18.3519
18.2465
16.9506
24.753
21.4017
21.9016
21.6209
16.4155
21.8267
22.809
17.1564
16.4899
19.8145
17.7268
20.6932
19.4066
22.8122
17.4036
17.1317
18.9647
17.3766
18.077
17.8486
18.7671
17.6631
17.3773
20.9298
19.9806
17.8393
19.4611
19.2174
22.2827
19.5774
21.9582
17.7743
21.6569
18.4301
17.7927
19.2292
20.0735
20.5166
17.4393
19.5798
19.0773
17.9831
18.4098
19.7007
19.633
19.2996
19.4404
19.8071
19.3017
18.6117
19.8804
16.9525
18.7013
16.9993
17.4799
20.5869
18.4614
21.4
17.4567
17.201
17.2022
18.6047
20.6013
19.5344
19.6202
16.8685
18.4418
17.9125
17.7124
19.8058
23.8074
18.5353
18.4206
18.0249
22.3852
24.7423
20.5835
19.2999
17.6131
18.3927
18.1291
18.344
19.8938
17.8219
19.6367
17.8563
24.1069
18.1768
16.6025
19.3696
24.5373
18.4822
17.1853
18.3369
20.0459
17.4753
18.857
17.4267
19.0544
21.6246
27.6691
20.9794
20.2324
20.0328
18.9158
18.8368
18.7653
17.196
20.196
18.6026
16.3224
20.5823
17.6383
18.1548
20.6324
21.6073
18.179
20.8376
23.0082
18.3459
17.8068
17.2134
19.6986
22.0637
17.6033
19.2418
17.9953
19.1828
24.3515
19.9981
18.0805
16.3228
19.6962
17.8612
17.5929
18.102
19.407
22.0827
18.5393
17.5945
16.6514
19.1411
17.7633
19.5026
18.2353
18.7697
17.2827
17.5386
20.0129
19.775
18.8895
16.8503
16.3715
18.8438
19.3156
21.0715
20.2866
18.0184
18.8913
16.7034
20.447
23.3682
16.8843
19.9376
21.9772
18.5142
24.9047
18.4378
22.2768
22.1731
16.6051
23.1514
18.9453
17.4439
19.9473
20.3933
16.794
19.0057
17.7256
17.7535
17.4194
18.1031
16.7395
16.4656
18.3385
23.094
17.3231
18.5885
19.1694
19.9409
19.0751
19.0176
19.2054
16.5134
17.0245
22.8156
18.0132
19.6214
17.5876
17.3322
19.0289
18.3345
23.0528
17.8038
16.6451
19.1725
16.694
16.4127
19.2646
20.9587
16.6727
23.5806
17.9589
