25.9093
21.3949
10.7605
21.0421
8.71802
0
6.89902
0
26.5687
0
0
0
0
0
0
33.6726
0
0
0
15.724
0
0
10.461
16.0578
37.7715
0
15.3673
0
0
0
22.518
11.6703
0
22.7931
0
0
0
0
0
0
0
27.2465
2.4792
15.7276
0
0
22.1034
26.4558
5.8229
0
5.50681
22.699
0
14.4063
21.3751
8.53935
7.72192
14.046
0
1.44475
6.3824
8.50333
26.6054
5.23444
23.8672
0
0
16.5699
32.5141
22.8212
0
28.3805
17.9172
0
0
8.84759
0
0
0
0
9.66873
9.25861
17.6274
0
0
0
0
0
7.90147
20.0384
9.60327
19.1523
0
0
25.5106
0
0
9.86061
0
0
0
0
0
0
0
14.8733
0
0
0
5.39197
0
0
0
0
0
6.84141
0
14.6364
30.8298
0
0.239784
0
0
0
8.43168
0
1.15617
25.119
0
0
0
5.76534
7.7491
0
0
0
28.1265
0
14.7659
0
0
0
6.50016
18.2102
6.18358
0
11.2828
2.74736
0
5.86113
0
0
0
0
0
23.8152
0
2.97073
32.4677
22.0726
17.3213
0
0
15.1094
5.99144
0
0
0
0
0
8.12597
0
16.4231
15.5869
0
19.7584
7.46976
31.6084
10.0342
12.5818
0
0.441309
33.0204
0
4.31918
0
0
0
35.153
11.158
9.73992
0
0
0
0
32.8057
17.4419
0
16.0466
0.703341
9.45671
0
4.65427
4.71508
0
0
0
0
29.4877
0
0
0
0
13.7978
0
0
0
0
0
8.55505
29.4667
0
0
8.06526
0
23.8405
22.9227
13.8609
14.3171
8.66054
0
20.3889
15.2763
0
0
0
0
0
36.2633
0
13.8816
0
3.42584
30.5436
33.6793
22.3022
0
7.03063
32.9308
0
21.1453
15.5001
0
21.3964
8.95867
0
19.992
0
0
0
0
1.35169
0
0
0
1.46116
10.2938
0
22.5799
7.11004
14.5409
15.981
2.89529
0
0
16.5865
0
0
16.9035
6.94444
37.6099
12.2796
28.1152
0
32.1011
0
0
2.59106
9.50172
0
0
0
0
30.3438
14.4245
10.2605
10.4384
0
13.6969
18.649
0
0
7.16214
22.3558
0
14.9221
12.0389
23.6899
7.3765
0
0
0
0
0
0
0
0
15.7714
0
0
0
15.8302
6.65214
0
17.3487
0
0
0
0
0
9.60224
33.7145
0
21.144
27.5424
17.2596
0
0
5.0923
31.4836
0
0
6.1882
10.4628
7.2242
18.0663
10.6969
0
0
0
0
25.7986
0
13.7877
0
7.34429
12.518
0
0
0
21.7416
0
0
12.5476
0
7.52045
4.80104
0
10.2049
0
17.8834
4.50373
0
0
0
21.8901
0
15.3224
8.75545
0
20.1691
0
23.6284
0
0
0
0
8.22851
25.1118
0
0
12.7947
0
0
31.4957
6.41662
14.0648
6.26485
34.7015
0
17.4399
9.23232
19.0734
12.619
2.49159
0
15.5489
17.544
0
0
0
0
0.823775
0
11.7672
19.2854
0
6.04054
0
0
0
13.339
2.62172
19.6775
0
0
4.88995
0
9.5453
12.8662
0
22.8768
0
15.7506
13.9952
0
0
0
5.92201
1.68834
14.8429
22.0391
0
0
0
0
23.2989
0
0.107402
20.3145
17.8024
0
12.5949
0
0
5.51294
24.915
0
11.1456
0
8.25566
16.6627
35.5893
0
19.2969
0
0
10.7108
24.6528
10.7625
0
17.5367
0
0
0
0
11.9295
0
13.1118
0
0
5.1012
13.2222
8.49193
0
35.7984
17.2819
28.7497
0
17.2038
12.855
0
0
0
20.6935
1.40757
8.72379
0
0
0
0
17.4061
0
0
0
15.5204
3.88778
8.64431
0
0
0
0
0
0
14.4125
0
0
17.5664
0
0
0
0
0
0
0
0
0.0437743
27.3577
27.5855
0
0
13.7246
0
5.14618
29.3126
0
0
6.29511
0
0
0
0
29.8602
34.0294
0
0
16.3347
0
0
0
3.90101
0
39.8945
37.6115
4.86235
25.7183
0
0
0
9.43282
0
5.67672
0
0
32.8893
0
0
0
14.4824
15.7881
12.4452
0
0
0
16.9917
9.85703
13.3151
0
0
5.57612
0
0
0
17.7719
0
18.4226
3.47408
30.1471
18.9183
32.3891
27.4148
28.2495
0
6.88841
0
0
29.9214
24.7788
11.1744
4.33761
4.24486
37.9594
18.1568
0
15.7854
0
0
6.86983
0
0
0
28.2807
8.72655
0
0
13.9301
9.4291
17.8609
0
0
6.99746
0
0
7.97354
32.1427
0
0
15.2711
31.038
9.1004
1.97839
0
20.3295
22.3301
0
0
0
0
0
0
0
28.6357
21.9327
26.6718
26.4056
0
0
0
24.1938
0
0
0
9.34613
0
0
0
19.3401
0
20.3897
0
17.0476
11.7393
0.155273
0
5.90527
0
7.24476
2.1157
10.3208
0
0
0
0
0
21.0479
4.41665
0
32.0967
23.3902
29.8721
0
0
0
16.0673
0
6.02788
0
11.6205
20.6063
0
0
0
13.0415
16.3683
0
0
6.75062
13.3289
0
24.0195
0
0
14.7715
0
0
19.6507
0
0
0
0
23.3288
0
0
0
16.3794
0
0
20.5599
4.60684
0
0
4.87792
0
0
0
0
0
38.0145
5.73592
0
9.55432
13.4569
28.8463
0
0
17.4448
9.41109
0
23.5349
1.24239
12.7736
0
0
0
0
15.3143
30.5625
32.209
0
0
0
0.67007
18.3129
0
0.736868
10.9572
0
9.59177
0
16.8466
0
0
12.2939
0
16.34
18.6028
0
9.3752
40.8678
9.44505
0
1.28271
6.56255
23.2923
10.3175
24.0002
0
0
3.12974
1.33116
0
21.0489
0
0
0
12.4369
14.6398
0
0
0
3.3962
0
25.169
25.6408
20.8216
0
0
0
0
0
0
0
0
16.6927
9.44791
0.79604
0
0
0
25.2629
10.3704
1.70307
0
46.1567
5.00991
23.0284
0
24.7727
37.2192
0
34.8007
36.5422
0
25.4364
0
0
0
0
11.0689
30.7595
20.9183
21.4799
0
0
5.99228
0
0
6.1603
31.0032
22.0839
21.2356
14.9143
15.4916
0
6.96255
0
0
0
0
13.0119
13.7618
0
0
13.1852
34.9558
15.5113
11.1201
23.9495
24.9195
0
0
14.3027
0
41.837
2.52601
6.93231
5.57051
30.1527
0
34.2406
18.5216
28.6805
0
0
13.3913
0
0
0
7.77764
17.9555
21.126
0
13.7964
0
0
9.002
19.9363
14.9294
0
8.08
31.1173
12.4547
0.0601585
0
20.0409
0
0
0
14.912
0
0
0
15.5851
0
14.5193
3.41043
30.5882
14.8991
0
0
16.4608
0.523629
24.939
10.2758
0
0.258387
8.25667
0
3.33761
0
0
21.2374
0
7.8117
5.84696
14.4496
13.6456
8.59943
13.8673
7.35753
0
0
9.59678
0
12.4885
0
26.6456
10.4675
14.0807
18.3716
8.78934
0
16.8716
14.4375
30.577
9.0433
7.17645
0
0
0
16.8929
10.1084
0
0
0
0
32.3036
0
0
0
0
6.21875
8.11524
0
18.4356
6.28108
12.9069
0
0
0
0
0
28.1878
9.80909
16.9229
8.77177
0
8.69696
18.7602
0
0
5.59077
20.9806
18.8651
0
9.60086
0
0
21.3655
0
21.9195
18.8371
9.7712
0
8.75548
0
11.673
0
0
0
