19.9113
33.503
20.3218
21.069
17.9295
12.9329
31.3804
43.0714
26.8822
16.8561
25.2386
19.1617
15.8401
42.2794
28.4563
27.8899
19.4329
20.9545
22.1654
38.9279
14.508
33.7518
36.3445
23.5026
22.1004
29.9124
32.459
13.3151
14.6288
31.1211
14.5438
36.8013
22.1568
18.6632
17.8145
39.0095
13.8871
36.8947
35.3253
30.2331
35.1718
43.7468
25.1562
20.8703
20.2151
17.2793
26.9618
22.6215
13.1927
36.7648
13.9861
30.2137
15.9144
21.0753
26.5199
15.9637
21.354
15.74
19.3662
36.5622
31.4651
14.1412
14.5075
26.3921
14.9405
43.6098
14.5319
14.8268
16.0132
14.5361
23.2384
32.9102
43.6073
18.2238
31.7971
23.3591
27.6356
41.1628
15.441
20.2758
14.0929
39.8052
31.0446
19.7231
27.5634
20.2714
12.7138
29.0358
18.6126
14.2375
22.5351
40.2666
14.1662
20.3702
27.3039
24.0191
26.9271
28.2082
38.1144
20.2325
15.0103
14.3044
17.9949
17.3225
32.2055
21.9544
13.6873
18.9141
34.9434
17.8878
25.9785
14.8402
32.6501
14.3242
17.6094
14.5603
21.6335
51.4719
27.2382
31.8445
18.0909
14.0637
14.1278
15.0793
32.9117
32.571
19.5462
17.388
25.9379
36.5321
37.2675
24.9054
15.5279
21.5631
19.6119
14.0428
13.6564
31.5568
22.6063
34.1449
36.4479
15.9745
14.8419
27.223
15.2929
15.2004
44.2023
17.8503
14.3588
17.5465
14.7277
31.3202
16.2033
18.2905
20.7609
13.9069
25.3376
35.558
28.8329
25.7341
24.5361
15.7608
33.2433
30.3394
17.3053
20.0677
22.4329
24.2126
43.7642
14.3763
18.9461
32.0724
20.3625
20.3995
26.2762
13.8597
14.6091
18.9101
26.6834
34.7453
22.2925
14.2625
30.0435
30.0521
14.0757
14.4558
22.3215
33.8479
17.2331
21.3633
21.81
24.798
28.0541
19.6709
13.8522
20.3207
20.2355
15.5392
24.3326
20.5948
19.2547
25.5869
19.6825
42.7137
29.5882
42.2628
13.7154
25.3403
20.8447
14.3809
14.057
18.0844
48.4462
32.1239
13.3422
15.1355
23.4186
33.9543
13.1895
16.1396
14.3872
33.0481
31.253
16.3423
15.4285
14.7078
13.3061
13.2675
18.2753
25.3502
24.8408
16.8425
14.5501
30.9723
30.6917
23.7016
22.4601
23.0871
17.4642
25.4093
23.5898
22.3182
14.0391
47.808
31.2491
26.3664
20.1442
30.7731
18.0816
28.337
18.1801
16.1029
37.1519
15.1218
13.8989
30.0137
14.4711
23.3047
19.8214
25.4625
15.2403
18.0868
13.6701
18.939
19.1434
17.7507
20.7851
15.7089
32.9072
14.4905
24.4694
24.2432
31.6925
26.1941
15.7518
22.8064
32.9134
13.6307
14.0898
29.4384
47.43
14.0136
17.9058
15.1245
22.3822
25.2388
45.7476
25.5279
14.4536
29.8542
20.5019
21.9959
22.3159
23.921
29.2141
43.7049
32.4947
13.0953
23.4071
22.0155
13.755
14.7446
18.6512
29.9415
23.0048
36.4082
13.1935
22.8846
34.2036
16.7686
41.4243
26.9206
41.7988
18.2172
20.2851
27.1084
34.1963
15.0923
44.1487
38.7507
27.9385
19.6848
35.4781
25.5861
16.1604
29.2046
24.2049
25.8331
22.0083
17.9017
14.8589
40.2537
43.3115
18.0447
42.9362
29.9628
32.9675
21.4828
22.4116
14.1683
15.2765
30.8212
16.9373
15.042
13.3833
19.9966
14.2402
43.656
21.7154
20.114
20.3219
44.5554
25.2146
35.1711
37.9931
14.2361
33.4641
44.3971
25.2082
19.2121
18.2927
14.424
28.2553
28.6644
14.1415
14.1031
32.7899
36.0973
14.5538
24.9425
35.9151
42.8048
36.4115
23.3175
14.4525
30.8704
32.4308
21.2462
49.8176
13.7204
18.1932
18.6411
31.0011
45.4565
17.6663
42.0901
13.1489
26.0572
21.0908
23.7297
37.4372
18.7066
13.7197
19.4629
20.9299
30.4312
24.7605
17.3935
22.2583
18.8116
18.9158
33.3592
17.2253
22.0179
32.5402
29.4397
19.3797
22.5549
45.6268
18.2081
14.0184
24.9681
22.6545
15.222
23.3526
24.2671
39.5336
21.6174
22.576
17.3166
14.8363
46.5797
28.9458
19.7529
22.2494
15.8718
27.1116
33.9372
27.5651
23.4167
13.8763
29.6801
32.9223
15.5995
24.979
29.0482
41.1426
20.8754
36.6715
29.9794
30.6027
28.1775
14.8305
23.95
14.3037
19.1612
14.2874
43.7542
28.3268
17.0966
17.2791
14.6244
28.5112
19.4847
18.7162
18.3448
19.849
21.4335
13.8622
20.388
18.9047
28.55
28.7646
12.7045
25.2262
22.5711
22.3228
30.5581
19.5455
34.6706
14.5209
44.8031
18.3461
36.8566
15.6562
15.7826
30.7085
21.598
44.182
26.2795
36.1131
22.841
15.7097
39.1494
33.8578
30.6623
24.15
21.4551
24.2475
14.3254
15.4059
27.293
16.8959
45.3818
20.8545
18.4535
22.647
16.9839
17.2613
44.5232
21.3517
26.9378
15.1864
14.8959
14.1476
24.7774
13.3014
18.7834
32.7061
16.5528
32.0083
14.7477
13.4426
21.7825
15.6667
31.6124
13.5681
31.0874
14.6642
14.8721
16.0005
29.9675
17.6814
21.689
24.6072
18.6524
20.4249
15.1286
26.2288
21.5249
39.4532
23.3597
14.2875
31.0099
32.6746
18.7221
24.3883
18.3942
41.0189
14.3682
21.455
30.1269
17.5266
48.7847
17.2911
51.3527
14.205
20.404
13.4289
20.4868
14.395
13.9632
16.8125
18.8143
35.0653
19.9688
46.0238
26.0324
22.6909
14.2385
15.0263
13.2432
37.8927
20.6423
19.596
23.5531
28.9989
34.7223
12.9064
23.7851
23.7982
16.5668
29.5028
23.0315
47.8986
40.0154
15.1438
17.547
22.0498
23.6423
13.0047
25.1276
33.9372
43.4648
29.4624
14.3975
14.1495
20.6971
31.7084
38.3763
14.6064
28.8532
39.3047
14.0949
20.2335
37.932
13.8252
40.0893
27.8713
13.5464
14.156
32.2136
23.8791
12.5697
25.4036
37.3013
25.1939
35.1262
31.3504
36.7482
15.5341
25.3488
15.6526
23.19
44.0381
22.7133
30.6709
19.4262
15.2071
26.4152
18.5432
17.2528
25.3868
14.7638
20.8962
23.5459
20.3814
47.39
29.2677
15.0562
25.0919
18.0288
18.1249
16.1049
31.0991
20.1674
29.332
16.4689
14.8634
19.77
19.4901
13.5109
13.8664
18.0708
15.8815
14.7578
16.9069
29.0965
35.4724
15.0626
14.618
20.148
35.5249
27.4466
13.746
16.1785
14.7576
22.554
14.0738
39.9787
19.4015
23.902
23.3685
14.4316
31.0986
20.5312
16.9555
21.6989
40.3578
26.2676
14.7873
47.5502
41.7692
35.0789
26.1973
13.334
42.9591
20.3843
15.0955
30.4
14.9089
35.7751
23.2278
21.5074
14.1473
18.5614
23.5153
13.9119
14.1506
13.5959
16.6148
27.2828
14.2935
16.5887
21.0944
33.7975
19.0084
13.2437
13.4804
23.5876
20.8132
38.6407
13.8369
30.2481
19.3178
14.3767
34.1129
33.7187
37.195
14.4989
14.6529
21.4558
30.7515
34.0714
14.4809
20.0192
23.0505
32.5285
16.2882
37.8866
22.5995
37.9852
33.8792
15.0116
27.9418
14.4953
13.0323
31.3607
37.7688
25.3434
30.6595
14.3959
17.9034
16.6172
12.9735
15.9628
14.4601
20.4491
33.0273
15.0545
15.3923
47.5858
34.6332
15.4419
14.0827
16.9722
23.814
19.6362
33.2556
22.3162
13.4394
24.1203
27.5703
49.7096
26.4844
37.5741
15.0104
14.1905
13.5212
34.4809
15.434
17.5964
13.6863
14.2004
36.3174
18.4558
19.5253
15.6161
34.2854
21.2808
20.9559
22.2635
25.762
13.9917
40.1639
14.8138
14.2255
13.7454
14.2018
27.9861
25.551
17.9018
34.7708
14.9235
27.6507
15.3629
21.5154
33.7121
18.4682
14.6658
13.4245
17.5169
14.5075
14.0133
23.484
13.1581
30.6984
16.6503
21.39
41.3027
13.5575
34.8103
37.4573
33.835
39.8985
31.8155
15.6594
14.1353
15.3378
26.1535
37.2365
18.8105
22.5864
29.3903
18.2451
32.232
13.8791
13.7927
18.6999
16.3829
29.0787
15.2766
15.2985
21.8408
28.575
13.933
34.7008
28.8621
28.5792
19.4822
14.7201
13.8722
16.9552
47.97
18.8339
27.6252
35.2067
14.0546
26.5837
29.1138
27.1701
25.7258
28.7712
22.5431
17.2392
34.5899
19.9063
14.3288
37.6493
29.255
24.5369
38.4948
20.1037
14.4425
17.82
30.4933
43.114
28.6479
33.5328
35.2581
30.8217
22.4917
14.2749
22.1972
14.0485
20.5817
26.1043
13.7398
15.9269
27.1045
28.0052
15.1288
22.3843
32.4663
20.1215
14.8901
17.5096
13.8273
21.8442
23.2356
22.299
24.107
20.197
28.627
14.1351
30.8652
41.3895
48.7063
25.5686
21.8879
18.289
18.2053
23.2883
31.5477
14.8361
14.4647
36.0723
35.4593
13.0064
41.8166
21.9777
51.106
22.7139
42.8485
27.3215
36.647
20.2007
24.1964
26.0856
13.6228
24.0834
23.8844
27.7993
26.7871
29.4135
18.1828
17.9628
15.182
18.9799
17.4592
17.7078
24.3208
15.369
17.3727
13.4579
36.3967
15.5277
21.0847
22.9862
22.3436
18.8526
26.3091
17.1494
30.4247
14.5035
39.9003
22.6812
22.1082
15.8569
51.4514
31.4687
20.3986
29.3238
25.1801
13.9912
14.5613
14.2296
17.3136
17.0468
18.8624
13.6381
13.6911
18.8002
32.135
36.0732
17.1573
45.1893
15.264
14.3985
25.2872
15.5166
17.4047
26.1485
15.4189
13.0459
15.6727
14.4962
18.5162
28.4138
20.0947
21.3409
32.9777
27.5266
43.5919
23.5904
23.3432
24.4627
18.2861
34.3315
13.7161
14.4979
17.439
15.346
20.0572
14.7605
15.1079
14.6267
13.2864
18.5465
42.9511
14.9446
44.6668
36.1907
16.5276
17.4332
16.4528
15.6968
18.3865
55.0646
30.6702
