15.3292
17.2859
7.0789
0
13.7613
21.1123
0
0
0
5.5508
11.5404
12.0469
0
0
0
0
0
0
0
0
0
21.605
0
0
0
10.0035
0.773358
0
0
0
3.07634
8.13718
0
0
0
0
0
0
0
23.8545
18.3885
0
0
0
24.2522
0
0
19.664
23.3531
9.06545
28.9712
0
16.2357
20.3528
23.4103
0
0
18.9468
0
0
0
19.0917
13.9519
0
2.72159
0
0
0
0
16.2764
0
13.9512
0
0
0
0
0
0
0
5.93257
0
0
0
2.09913
0
21.2627
0
0.05977
0
0
0
0
0
0
11.8568
7.51691
11.3797
2.71778
0
0
24.9807
24.7131
26.9685
11.9824
11.216
0
0
10.316
6.08587
21.4686
0
14.7799
0
0
0
0
0
24.1167
0
0
0
11.6039
0
0
0
0
0
21.3294
19.4245
0
0
9.60384
0
15.1019
7.07774
0
0
19.6928
0
20.109
0
0
0
0
13.1429
0
15.3308
0
0
0
0
0
0
0
0
18.0783
0
0
24.2134
6.93238
0
0
0
0
0
13.0953
1.41144
21.8272
16.3947
12.354
0
0
25.7489
0
0
0
0
1.63947
7.95984
0
0
23.1445
5.57762
0
0
24.3934
27.5888
0
0
0
0
0
7.83327
0
0
13.5967
21.1497
18.5704
0
13.5004
16.3112
11.0433
0
28.6041
3.38284
0
0
0
0
0
0
0
6.18114
0
0
7.24832
0
23.1972
0
0
0
25.89
0
0
3.78039
0
0.677317
13.2042
9.44497
0
15.3708
0
0
0
0
5.4332
0
0
0
2.83831
0
8.11749
0
11.9843
0
0
0
1.04973
0
0
18.772
4.76876
0
17.6743
0
0
0
0
0
0
19.5221
10.9571
18.3617
0
20.6575
17.7333
0
0
0
21.6402
14.0353
6.18311
0
0
22.1795
0
0
24.3041
0
1.0638
0.213597
24.2113
0
0
2.72592
0.161009
0
11.2983
0
0
0
4.853
0
0
5.18176
0
0
27.024
0
0
0
0
0
0.513154
0
0
0
8.45534
0.838479
0
44.4641
0
20.7338
22.5102
0.949688
31.919
8.24253
0
0
0
0
0
0
0
0
0
0
12.7769
0
0
0
0
0
0
0
0
0
0
16.8626
0
0
0
7.77964
0
14.4366
4.08189
0
0
4.71413
0
17.9003
0
0
21.4356
0
19.3059
0
12.2411
12.4818
0
0
17.9552
14.6958
6.56708
0
0
25.4945
0
0
0
0
0
0
0
0
0
0
0
0
13.5427
0
0
0
19.0242
0
0
0
0
25.7619
27.3596
0
8.91567
0
28.3662
1.70021
0
13.2148
0
5.12243
0
17.9563
0
0
8.04276
0
0
19.8255
0
16.6379
15.4011
0
0
19.924
0
16.5231
0
0
0
0
2.64824
0
10.661
7.713
0
16.1161
0
0
0
0
0
9.77871
0
0
24.9282
0.0979973
0
0
19.6254
0
0
0
0
0
0
0
0
41.3397
8.21184
12.0886
5.12102
0
16.6822
0
0
0
0
10.2
17.1954
0
16.1614
9.32784
0
32.6591
0
0
14.6865
0
0
0
0
33.2444
0
13.2067
20.8796
8.8161
0
0
0
0
0
0
2.01513
0
0
23.8358
0
0
0
0
9.09975
15.3809
23.3654
8.82697
0
0
9.06949
13.6628
4.28232
0
23.7504
22.479
14.3263
0
0
0
21.3534
0
0
0
7.01289
0
0
0
0
12.6511
0
20.0658
0
17.4265
0
17.2503
0
0
7.48148
0
0
0
7.82185
0
0
8.97176
0
0
0
0
13.893
4.25318
0
0
11.6521
0
0
0
0
0
18.2173
27.5794
0
0
7.86516
31.1789
0
0
0
14.2812
17.859
0
1.62541
0
0
0
0
13.9589
24.4063
0
0
0
8.96763
0
20.7822
0
0
9.06698
0
3.34987
8.2514
0
0
0
21.3945
2.99651
0
13.4409
0
7.41242
4.80372
0
0
0
11.6485
13.5647
0
0
0
0
0
0
0
0
0
11.9582
0
6.55897
0
0
0
2.44081
0
6.86534
0
0
0
0
1.54341
0
15.6622
0
18.0181
0
26.3272
0
0
0
0
0
0
14.0547
0
0
0
0
0
0
0
25.5177
0
26.5903
3.73126
16.8466
0
14.173
14.9819
20.184
0
25.74
18.0968
26.0739
0
13.9993
33.2227
0
0
0
0
20.3719
11.9366
21.5311
26.2079
0
0
0
0
12.984
30.3351
0
0
0
0
0
15.1972
0
26.3344
11.2018
26.9251
0
0
12.4825
0
0
0
5.14654
0
0
29.0641
0
1.66992
0
5.64649
0
0
16.496
0
5.32026
0
0
0
0
0
0
10.7627
0
0
11.6136
0
0
0
0
9.0527
0
0
0
0
0
39.1176
0
0
10.2942
0
0
0
0
3.485
0
0
19.8492
0
10.9169
0
6.21437
0
0
0.0206223
5.09603
0
0.939342
0
0
17.2874
18.3967
34.5878
0
24.7269
0
0
10.3216
15.8124
12.2275
0
0
0
23.5747
0
0
0
0
9.63616
0
0
0
0
0
0
0
0
15.9054
0
11.3037
0
0.28272
7.53799
0
0
0
0
0
0
0
13.6339
8.77192
0
0
16.728
9.46518
0
0
0
1.71024
9.7644
0
0
0
7.24791
0
18.5255
17.7908
0
25.0101
0
0
3.17813
0
0.814661
0
0
0
0
0
0
1.6572
0
0
0
0
0
26.8125
14.4428
0
14.1763
0
21.3106
0
17.8087
12.4544
23.8455
7.36684
0
0
20.8976
16.7708
16.596
12.3294
7.30087
0
0
0
12.1046
16.3209
2.62566
0
25.3514
0
0
0
0
15.4006
0
0
0
0
6.40032
0
0
0.602369
0
0
30.435
0
12.1566
16.9375
0
0
0
24.2522
0
0
0
0
0
0
10.3727
0
0
17.9828
0
0
0
0
18.11
0
0
0
0
0
12.7507
0
0
0
0
0
23.5373
14.3179
0
0
0
0
18.7187
23.9054
0
0
0
4.04111
0
0
0
28.8991
0
0
0
0
12.0613
0
0.236326
0
0
0
0
0
15.9705
9.19569
0
0
1.78228
0
0
0
0
7.80373
13.4029
19.8601
0
20.3557
0
9.62575
0
0
15.1818
32.6841
12.1973
9.0417
0
0
0
0
0
38.1475
21.435
0
8.48508
0
0
30.7291
0
13.8605
0
0
0
0
12.6338
23.8939
0
0
19.1638
0
14.4777
19.2816
14.5076
19.2429
0
25.2219
0
19.3006
0
0
0
0
0
0
21.2867
27.3314
0
35.1838
22.0473
0
3.90309
0
0
0
0
20.9262
0
5.50181
0
1.20948
22.4971
0
0
0
5.99225
0
0
15.3292
7.0789
0
13.7613
0
0
5.5508
12.0469
0
0
