69.3706
62.0657
68.0109
64.0115
26.2217
74.126
54.661
67.5301
69.4976
70.1687
80.1656
67.7962
64.0265
77.5914
61.1472
53.9141
56.8334
46.2476
71.0761
74.7687
64.1323
82.704
78.1016
65.8122
61.6675
75.606
60.7385
76.6196
72.9089
91.3488
68.5661
63.655
66.0004
78.3678
62.3253
88.0234
87.8539
57.2228
67.262
64.1002
79.9607
63.417
57.6751
69.7258
74.1787
62.3101
59.7341
76.0791
36.6031
81.8154
66.481
85.2843
69.526
66.985
58.5132
82.3381
57.6306
58.1424
55.1621
62.401
79.3298
88.8932
77.6506
63.3142
75.6289
73.1764
67.2919
63.8002
69.5835
66.8634
73.3436
68.6331
61.8085
37.6304
71.3478
59.9871
56.3618
63.1096
93.1311
57.8152
66.111
63.0468
62.1973
65.7019
75.8965
60.4261
73.0186
78.3847
79.4074
76.2133
56.2972
76.0604
82.4388
63.9818
69.8401
60.0303
68.8545
70.4428
75.8094
82.1865
78.9851
59.1648
87.6934
44.4696
54.7923
64.4487
77.9158
63.3388
56.0286
70.846
61.2672
74.3267
75.2653
81.0587
68.5448
81.8536
66.1254
71.4893
62.2392
66.2647
70.6787
63.622
68.7067
65.604
56.2956
74.025
59.9163
76.2831
65.7181
65.5236
70.6185
47.172
75.5516
61.4582
52.6321
66.2293
59.1746
82.5887
70.3196
71.8883
72.4689
65.1235
66.3648
67.6943
73.9994
76.7446
64.5734
79.9138
65.781
56.0259
52.398
85.2775
66.6541
78.48
72.5066
67.8531
60.4882
70.005
91.9362
72.8166
70.9749
68.7902
77.2079
70.9705
67.9656
75.7104
56.8061
62.3347
88.1352
71.674
87.5023
87.4683
69.2479
73.3226
62.9728
73.2556
77.4524
40.3788
62.3845
68.0527
81.5567
83.5154
56.0553
70.8663
75.8768
76.6693
77.7876
79.9775
57.1536
70.2089
63.2665
70.0571
59.6204
69.9411
57.6401
60.5431
73.1901
69.2947
74.7988
69.6354
60.9456
25.8243
79.5683
65.6611
73.7041
73.2348
63.9872
78.606
71.6196
70.8924
68.2221
84.8391
72.2382
66.2715
72.1114
63.45
67.0798
60.3217
72.6543
75.4261
56.2744
67.6559
66.1942
67.019
60.164
81.9285
60.1284
73.6257
72.1377
67.2881
38.3038
68.2825
74.8058
74.4191
64.3878
61.9583
68.4882
80.6376
66.7141
55.6469
60.2673
67.5287
59.9317
85.2237
56.7874
60.3835
84.1121
65.0659
54.575
67.4964
66.8863
79.972
75.6612
69.091
58.6048
80.5028
60.4011
65.5277
70.2627
60.016
67.5749
57.0667
74.4006
66.6148
60.1843
66.0625
76.4613
71.7425
74.7288
70.7667
70.578
73.3944
58.997
60.8202
64.3756
59.8683
64.3442
77.6212
64.3808
86.985
66.5937
66.4494
70.8446
59.4621
65.0435
69.6829
65.227
54.7368
79.3854
37.264
76.7955
78.1592
85.0851
58.9082
69.9855
40.9371
39.5578
64.709
76.0229
81.4803
80.871
57.7339
64.9671
59.8753
32.3706
79.6025
65.0002
68.6946
63.5399
61.2006
68.264
62.7536
64.1924
62.4062
76.75
93.213
49.6264
61.481
71.0074
75.9015
73.0107
37.2816
61.4414
64.7405
82.7936
36.2809
63.8415
69.5766
90.9536
56.3204
71.2603
63.7257
59.6459
53.951
67.7567
59.2213
71.134
79.4259
61.8712
78.9781
72.743
58.1326
55.462
61.0566
15.3298
76.3422
89.92
81.6861
59.5687
73.3965
71.0811
28.3685
15.0466
72.388
72.9192
65.4951
80.405
66.541
63.2998
66.4771
73.511
63.418
69.0903
86.3187
68.3153
65.704
76.5444
77.7493
81.2535
80.576
68.3346
81.7447
78.6105
84.6121
65.5316
65.2058
72.765
66.4245
63.0214
75.9171
68.3029
67.9316
76.3228
63.6956
66.3511
67.7953
58.2836
66.9077
35.4987
74.5899
69.3711
56.9536
59.0672
26.1035
64.6472
71.206
85.2119
62.6124
67.5755
54.5432
64.956
61.2424
57.423
71.6161
32.9043
60.5242
65.0635
63.2461
61.3627
59.2829
62.1517
63.6878
72.9337
78.1354
58.3623
64.3396
58.9394
62.6169
49.3276
63.0871
64.6069
59.4021
53.0305
76.485
74.9793
54.1302
65.7786
61.0006
88.9785
55.2669
71.5458
66.5647
70.8743
60.1682
82.7739
69.0852
67.3498
60.3528
66.6758
67.4167
72.5385
56.285
59.1537
61.4149
60.3959
63.219
54.9891
76.0163
61.6864
66.1955
56.254
69.7441
59.173
59.8435
64.9427
59.499
63.2318
74.6861
39.1783
59.4759
65.2227
75.5222
84.9444
66.9447
66.9427
82.6165
75.2141
69.2729
67.4486
69.3868
70.3667
66.5613
59.7465
53.4843
59.5117
68.4426
69.4671
67.2068
60.4964
45.5004
58.9612
54.3196
67.4711
81.6204
74.1716
78.7402
70.7221
72.2349
82.8476
64.2523
67.138
62.8059
64.4503
74.8872
66.8477
71.1394
31.5488
85.1348
70.4846
82.3822
63.1091
69.0254
75.1205
58.4109
63.9095
56.3225
76.2336
62.8656
71.648
31.969
67.8615
83.0246
77.2207
63.5561
73.8701
74.7545
80.5701
65.419
75.2528
37.1542
58.0838
62.4389
63.6284
81.2405
71.0441
66.6914
76.7942
59.2174
74.3916
69.2896
74.2568
69.1467
86.1314
79.7971
48.9308
73.5436
72.2287
54.7674
66.8781
77.8814
70.1862
68.8974
59.5843
82.0424
76.8754
82.2192
60.7655
68.696
71.4091
66.6954
67.1879
79.1792
60.843
80.039
58.0769
78.8676
55.8582
56.9522
66.7466
65.5474
50.3299
74.0991
89.5879
65.8932
61.9586
67.0156
29.6042
60.5402
79.2983
85.2674
78.3624
67.1968
52.3647
65.4011
72.5373
68.4622
62.5226
68.8179
75.5741
37.7567
81.0894
60.3462
61.8055
64.3597
66.1164
72.2063
76.6593
74.3864
72.2428
56.4653
61.9375
69.866
71.1241
39.2979
75.6334
74.2697
66.2702
71.0468
99.7331
67.8086
58.5235
67.7444
72.9037
68.0505
73.8137
87.0314
56.9917
54.8594
78.2729
86.5222
60.8989
75.9978
67.6793
85.258
69.7961
61.7769
86.1862
63.6252
59.7872
79.4455
64.0613
85.3785
62.8976
72.6086
65.411
70.4575
95.1182
49.6235
55.9728
62.4063
81.4301
82.1449
66.7012
89.117
64.1616
53.8258
66.4224
75.6344
58.1197
77.4627
82.4132
56.9751
58.4119
55.2838
77.6159
62.6547
69.8279
92.2345
78.6687
41.9278
77.9139
66.2562
61.1683
77.2765
69.476
79.0691
84.0934
83.7271
76.0561
76.1123
60.4785
63.3694
61.6556
57.7984
84.108
68.2815
57.393
82.4808
40.9765
32.4768
62.0582
83.6054
69.6357
83.3299
52.8227
60.8611
86.0264
31.9096
59.1518
67.7356
82.2436
85.7639
64.2509
68.6077
71.2594
79.4887
68.8872
69.0895
76.665
62.9121
70.59
54.2965
56.8096
68.8006
68.4631
32.9465
68.201
71.9579
64.8932
49.3473
68.1991
62.7229
44.273
74.6511
53.3079
76.8383
66.9945
73.3436
68.3517
85.3478
67.8493
70.933
72.3405
60.0177
63.3825
65.7655
66.0357
71.2424
87.0338
61.2084
73.1324
37.25
83.2687
78.1537
63.5737
77.718
64.5499
76.8766
66.7807
59.4688
62.4461
64.4715
65.3556
65.9399
71.9887
60.4226
75.0457
89.3083
73.9676
58.4124
64.8123
69.4337
74.6256
69.9741
77.7619
74.9429
62.7922
66.6319
65.1403
58.3823
78.4701
79.0634
70.8364
62.6415
77.1035
75.5736
33.3169
60.9538
58.7389
67.0878
80.0598
79.8378
72.2296
77.3492
75.1761
77.5337
64.0904
64.9088
60.7838
61.8239
57.5763
95.4741
86.7708
78.7498
70.8457
73.7681
62.3531
58.8108
75.6029
66.5158
62.8507
81.188
70.4347
58.5486
58.2411
68.2128
71.9748
26.8217
76.1508
68.6016
65.5235
77.3675
65.3472
78.6119
61.701
70.812
62.1302
59.2724
68.4572
73.5712
71.997
69.5497
66.6672
61.1067
57.0223
80.7597
86.3076
65.2193
70.1871
70.7172
73.1659
70.208
54.7339
65.6479
84.1689
60.0868
79.5951
64.7615
33.9947
79.4536
74.1986
30.4106
73.4564
85.1748
68.865
68.6031
70.3257
69.1206
61.1116
72.2617
61.0853
83.4172
63.2474
56.7358
64.4999
68.2027
83.4093
79.1372
56.235
75.8019
78.4581
59.1036
77.1676
61.4942
69.6835
72.4877
63.1724
31.8055
61.9314
43.1064
76.3456
62.0315
61.9981
63.7829
59.5391
61.9805
83.6476
70.9412
77.0711
58.2187
68.4344
37.0869
68.9076
56.4025
83.5544
65.5582
54.8871
73.4737
60.3752
86.3158
81.4752
75.8805
82.1503
88.209
44.5967
69.2007
68.9659
60.2079
83.2116
95.9871
61.5317
57.6284
67.9984
78.4446
62.0002
61.1035
73.4101
58.7857
64.434
68.8862
79.5686
70.8959
71.1935
55.6527
58.2007
76.3222
79.3349
61.2298
61.712
45.2771
64.7451
60.7014
68.8346
76.2987
74.0363
67.3367
67.4161
63.6216
64.541
95.766
83.8902
68.6418
62.7981
61.0848
54.8658
78.7654
56.0088
62.7653
64.9722
64.0798
79.063
55.4564
65.9908
90.4402
55.4603
70.2686
89.4814
69.9091
74.1009
73.6059
61.5179
70.3735
61.6189
74.5864
69.6404
68.0859
69.9055
63.8218
75.7349
56.3246
63.6215
62.9754
70.5532
65.471
60.0509
55.2482
74.1856
81.2909
66.5907
64.5941
58.9738
81.8889
59.1851
67.2525
78.9587
71.0226
80.55
71.6312
73.5966
28.6669
79.6227
65.5356
78.3546
81.3312
68.8778
86.1731
63.5261
63.9882
90.3713
59.8248
72.1903
35.2868
75.36
63.6671
80.1435
65.8899
74.3138
67.415
83.2944
60.5694
64.3296
64.5358
44.9714
47.5493
69.8153
73.2292
68.9676
63.8771
71.2935
34.7918
84.6667
84.8649
54.7722
86.771
76.6177
76.1903
73.6255
68.3187
56.0959
76.6082
