82.3703
93.1758
83.1682
91.4991
73.8111
76.463
68.4726
75.9496
82.0065
77.6187
76.593
70.1181
72.0131
79.583
39.723
72.0872
71.2788
71.5049
81.0183
70.888
81.0676
70.1122
81.6225
52.6061
83.2392
35.9657
91.4565
71.7206
77.5215
90.8119
78.4902
85.3487
71.9462
71.9831
99.4618
73.0391
102.754
73.8579
89.5371
94.4651
37.8568
90.8555
73.1792
73.8528
82.4366
90.6345
79.0453
53.8003
74.6526
69.922
72.497
71.0868
76.3664
83.1606
72.2311
75.9965
90.8946
70.1404
70.956
89.8975
35.8764
59.8304
87.6107
80.4871
76.8996
69.5809
90.1106
80.9349
69.4703
88.3626
86.3705
77.9985
72.4555
84.9593
83.9645
42.2447
74.3115
92.308
40.8811
73.4791
76.5958
87.3186
88.3292
85.6263
93.5088
89.1194
71.9908
74.3224
72.8576
79.0774
63.1685
72.6268
70.9398
69.7769
55.1927
104.738
54.9262
74.0014
94.8077
75.1373
51.1154
82.1844
56.7918
71.2606
78.957
75.9734
70.8878
71.4093
68.7013
61.4639
72.3443
81.8426
81.3383
77.8931
68.8324
74.8617
77.4266
71.4907
54.0152
49.8382
76.4555
61.6279
69.7531
69.5734
75.0153
105.061
44.3934
77.5488
72.8471
68.9066
106.349
73.8403
102.824
76.9517
73.9109
75.9626
62.6876
45.9835
95.9746
71.7259
39.3506
61.8082
71.9319
74.8744
80.8221
56.0881
90.9468
88.4038
75.783
78.4926
88.0296
82.9356
87.3852
97.8147
84.1636
86.7174
80.6842
82.8864
51.0925
69.5364
80.202
73.3533
80.6559
60.382
86.0008
83.1552
98.3001
99.8114
96.8636
81.0514
89.3059
70.1261
94.7352
97.364
84.8763
95.9742
79.5619
74.7131
78.4587
96.3126
69.312
100.199
73.4426
72.9822
72.6139
70.4825
71.6855
50.6096
72.3546
42.6241
72.4167
102.333
92.2951
72.4066
71.3286
71.8857
93.0423
91.9732
32.1099
89.3714
72.5754
83.6352
51.3097
70.0506
86.7799
84.9142
69.7775
75.367
72.5688
70.0283
72.1822
58.5161
72.0047
76.7084
70.6456
72.6805
63.0156
87.4854
70.3638
71.2449
70.1708
70.6978
76.3182
98.5366
73.27
79.8972
77.2879
97.9369
72.672
97.1043
69.1251
39.1394
72.39
82.862
79.6282
84.7817
51.1306
82.2806
78.7311
80.9203
55.4456
79.7276
89.0265
47.7225
72.0052
75.0819
94.0319
79.2703
72.0103
101.727
74.694
45.5885
72.7659
78.6545
70.1833
72.8357
75.0616
75.3267
49.5936
72.7754
83.2977
75.2561
68.4249
69.418
54.7654
70.4092
69.1248
56.138
69.4208
85.8709
95.2447
84.5087
81.2432
94.7345
94.876
74.8156
99.6529
76.8549
96.4465
68.85
74.0097
37.2148
35.1716
57.9982
70.2589
73.6781
95.3198
75.3678
74.2759
72.2143
74.4147
78.4394
71.7507
78.9212
71.7116
90.6339
74.2127
85.0108
102.098
90.4838
54.8476
54.38
72.693
88.5224
70.5204
34.8891
78.3876
57.8825
96.4881
108.853
76.5142
82.0093
75.0433
39.7006
92.1989
71.6585
82.3284
71.0291
74.3254
75.0144
83.4287
71.4968
100.677
76.5309
89.5248
89.5082
76.7227
39.7302
68.6297
71.9043
83.9529
38.3731
73.8488
96.4866
84.1286
37.127
79.2885
77.6945
73.1276
72.9882
72.5264
47.9039
73.2116
40.2152
48.5458
96.8754
91.2225
104.208
81.6949
36.7314
79.0279
95.9345
102.497
13.778
69.0943
80.095
100.105
73.488
52.0784
97.5091
48.5205
79.0199
83.4464
92.2993
83.4963
82.9123
86.7828
82.0664
81.7729
83.9103
85.9423
72.9608
72.2507
101.791
83.6996
81.8536
52.5474
92.8123
72.5758
72.8509
24.543
63.2847
74.3068
104.454
56.9581
76.3613
94.7456
83.5437
43.4673
74.7843
82.6962
112.612
46.0724
79.6819
72.7879
73.3307
72.5156
73.2925
75.1267
70.9565
37.2091
85.3353
70.7149
72.7001
38.4117
75.1516
103.785
75.5129
96.6268
73.7527
81.1261
105.101
84.6452
70.128
50.6213
71.1262
71.4767
82.6314
69.7239
100.401
97.3674
74.9502
88.1938
83.9575
75.9486
73.2409
72.3445
79.1529
70.9203
82.1912
76.4801
75.2246
73.3804
71.3557
81.2478
77.496
80.2928
81.0669
84.5152
49.7634
53.4104
60.7464
100.878
72.1178
70.3309
69.0456
70.0752
74.2499
77.8631
82.4551
71.4449
69.5677
81.2022
88.9512
89.4335
73.9691
78.2388
80.9949
78.2616
53.3327
70.5337
77.6175
74.8936
81.3291
72.6936
100.252
83.631
49.7774
74.3695
77.0497
51.2912
73.9922
71.45
72.4846
72.1569
74.3777
70.3881
77.7802
72.0339
76.7272
69.7
108.543
70.373
102.791
32.0564
83.8149
103.61
105.215
96.727
81.4119
69.555
72.2238
72.8142
76.7692
76.0706
75.1889
72.6577
70.5532
107.225
70.9045
34.9462
79.4996
70.3965
93.3313
76.0228
73.6128
72.0212
74.3018
69.3704
83.1241
76.3903
70.6481
72.082
72.4153
70.8889
77.6543
96.6937
69.9223
69.1379
58.9179
73.902
78.2824
70.6863
83.0115
72.5288
89.097
87.6383
72.7666
96.9931
89.6888
90.5821
95.5041
78.7728
108.199
109.311
73.6958
93.1036
88.9122
72.1583
94.4733
102.7
71.2604
76.0949
52.9478
41.6988
89.3966
69.9328
82.7635
81.719
98.8678
97.9361
86.3559
42.3975
79.6587
98.9217
81.1002
75.3956
74.3873
78.3232
78.0124
97.1884
72.5347
74.8405
72.7416
73.9965
37.8655
73.3574
73.2918
73.9759
72.3189
85.5521
91.8624
80.9896
35.0926
73.3487
74.9122
78.6507
83.7637
91.7517
81.1578
76.4242
77.4607
70.9021
90.8026
96.5577
55.7016
83.5502
72.8478
31.7835
76.9865
95.7341
49.1925
81.345
100.129
76.8279
61.6256
71.1793
86.4538
73.1347
75.3728
98.0493
69.9719
72.1356
71.4975
72.4461
74.2328
98.6343
77.9663
47.7401
77.9118
49.4568
92.0488
44.9337
72.3082
52.4496
77.482
88.949
96.6973
86.8911
70.38
73.059
90.0691
88.5089
81.5498
62.7962
99.3544
81.2036
82.5774
71.3555
70.7838
71.1893
80.9314
89.7829
50.7638
76.0681
78.916
78.4143
73.9795
73.1029
55.0933
72.7045
77.1308
80.4843
40.8678
83.7987
68.0763
71.8654
76.8261
87.8728
85.142
60.9985
72.2035
72.9176
72.8173
74.1891
72.405
47.7079
72.5281
72.143
75.486
86.5462
76.2999
80.5071
102.917
103.533
70.0063
70.8735
87.7911
79.8429
76.2654
98.0421
71.7285
77.5809
74.3714
44.9665
99.9114
90.2105
90.438
61.1067
80.5946
81.8647
82.6591
92.7028
74.5872
30.9081
80.3412
88.764
50.3573
82.3414
74.2266
76.7189
92.0172
71.6496
71.9112
94.1475
75.7554
75.7211
40.8808
71.6562
86.9971
97.5999
76.7712
87.4566
33.5614
96.2125
91.5858
77.1338
45.0031
79.1455
89.4246
71.1899
97.3175
70.1845
74.3777
47.5166
73.6507
94.76
84.0828
70.4448
63.5557
70.2375
76.555
75.9477
70.0455
74.6741
83.6112
96.4782
92.6046
68.279
103.671
70.0892
82.2283
79.5106
51.1222
71.656
95.4718
70.8421
72.8742
45.0555
44.8305
73.491
79.6392
83.232
72.4204
71.8922
70.5628
74.0797
96.2869
76.4643
78.7628
74.5859
81.2117
73.1453
85.2942
82.8073
49.8305
94.4405
85.4676
70.81
104.823
70.8479
103.052
33.385
75.8637
53.052
76.1356
75.4962
86.9983
75.0637
94.1907
84.8147
43.2512
89.0891
42.9106
33.3913
81.337
72.1698
69.5528
88.8165
71.6913
77.9082
74.6818
57.2552
70.5021
76.5528
75.9712
96.4039
81.4377
70.6993
83.4069
69.8639
87.7806
82.7897
84.8888
69.176
69.3016
74.4151
97.0297
76.4842
94.1311
75.471
84.4654
33.5854
80.593
90.3752
66.3803
75.0495
43.655
80.823
73.6818
100.554
94.0953
72.269
70.4501
85.2439
48.0688
84.7163
88.073
38.1547
76.5191
70.4591
75.6691
78.0956
86.8531
74.9332
81.0846
100.553
58.8779
85.8412
102.568
86.4294
58.2023
78.5592
45.8982
76.1683
97.1943
92.174
63.5203
92.3304
77.4717
70.6737
64.3554
76.3403
89.4622
97.3947
85.7925
73.7417
62.6429
101.771
75.9756
80.1502
78.5025
47.7011
82.4595
80.3882
54.1609
77.955
70.6736
42.5732
76.8173
77.7864
56.9962
83.1281
46.0093
81.8732
58.4294
86.8573
74.9933
73.1347
101.079
45.8832
88.8799
90.1461
65.254
70.9551
37.8291
86.5755
86.3473
74.917
72.0577
71.9472
87.2461
65.6234
90.3786
81.7492
87.7351
72.7469
75.0441
73.9057
43.6549
73.704
81.7648
67.2617
101.098
69.5544
82.483
105.205
69.9006
87.3438
55.9248
27.6984
79.8938
87.9713
55.3432
55.9434
71.6183
97.1054
61.6584
84.0837
69.4305
55.175
88.4445
78.9404
46.9663
71.7737
73.2965
100.783
70.5133
73.456
75.701
77.3915
73.9912
77.9959
72.41
111.764
94.565
102.414
80.3729
43.2988
83.3487
76.8252
97.1769
86.3288
80.5938
60.3415
101.328
96.7014
82.9853
69.5585
97.0237
99.4657
98.0999
84.9573
72.0141
85.5984
79.0142
84.8067
108.303
69.9768
39.4013
70.6622
36.7502
63.6921
91.5035
87.4296
82.8075
53.0757
88.9031
101.463
67.8658
79.4161
32.1756
76.6499
85.0151
72.0559
83.0195
103.345
108.733
72.8989
82.2201
40.8551
71.1544
85.8019
79.2611
79.0302
53.596
79.6884
74.9007
79.1562
75.3593
75.047
73.8403
54.1292
82.8279
93.4271
77.9416
68.8917
72.5324
73.866
71.6645
97.9613
99.9419
77.3209
51.8263
94.7911
84.3953
77.3989
80.2589
79.6886
30.0715
