53.4223
59.7573
52.8106
51.2222
50.0524
50.6656
53.3777
53.5121
53.6616
50.7871
54.6227
62.5742
57.5705
54.4331
54.6797
51.5372
54.3982
45.1115
53.0299
56.0755
52.8615
54.385
54.9715
51.0812
58.4814
56.6504
53.7855
50.3968
53.6946
54.7308
55.4025
53.7282
51.0078
53.8813
50.1495
55.757
51.1134
52.3239
56.7984
53.0447
54.1754
55.4548
53.5973
48.886
50.906
60.2148
50.6777
50.5693
61.7552
35.2905
51.5536
50.7155
53.2807
59.3506
50.6081
52.116
50.5124
52.6574
54.3868
49.1826
51.0578
50.293
54.147
39.3928
54.2811
48.462
52.121
51.4469
51.2646
51.3144
59.112
55.4202
52.8548
51.2091
51.7408
52.0359
53.8332
58.732
50.3927
54.6052
52.212
55.5602
51.908
48.7836
52.169
49.9198
55.8213
51.9759
53.7643
52.3663
57.3766
51.9079
50.8075
53.5626
52.5532
53.3231
51.8789
49.9013
58.6552
60.0008
50.7072
54.9175
48.1669
51.9137
53.258
53.3979
50.592
53.6699
49.9801
48.6594
57.2801
50.688
52.9779
53.0704
47.9984
53.8807
53.3138
48.3899
54.2603
55.0883
34.7908
52.1992
51.0355
51.927
48.2288
54.2891
51.9763
51.0493
49.2798
52.6347
49.6313
47.3632
57.9689
54.1081
52.8779
53.7092
52.6515
51.4897
56.6401
55.2567
49.9853
54.0987
55.909
50.2337
51.9692
51.0995
47.9601
54.5804
53.0533
55.9931
55.1031
50.3812
50.5958
42.7354
54.4348
52.9224
52.7376
49.5756
46.0891
53.5953
50.11
49.6769
55.4396
50.2893
54.6159
52.9455
58.157
57.116
51.3673
51.8982
48.9878
56.1409
51.1439
52.02
47.0188
52.3977
54.0816
51.5005
50.2218
55.2142
51.6371
53.9653
49.9073
51.3722
52.9517
53.4121
53.2715
51.0407
49.7122
55.406
52.7486
55.7063
53.7326
52.033
49.8736
49.3511
51.674
52.1615
55.2751
53.1877
56.6039
39.4756
50.4574
44.0342
52.2415
49.0812
51.9172
53.923
50.7681
53.9757
51.6714
50.6632
42.7893
60.2459
44.8618
55.8529
57.7871
53.6861
58.075
52.2751
51.5481
53.2224
58.4519
50.5566
49.7214
51.2647
57.2704
53.9587
51.4437
48.1249
49.9722
52.0556
52.0625
49.3884
55.2769
50.9407
51.1657
52.023
56.0509
50.7464
51.3699
51.313
47.1888
48.8523
53.4457
54.9379
49.9808
53.6903
48.7222
48.952
49.8561
50.7816
65.4602
54.5206
45.2087
52.3221
38.9373
53.1033
50.2859
59.702
47.403
47.6672
48.5901
51.7211
48.8616
50.347
51.8432
51.5897
38.4405
61.0678
51.2506
54.3315
51.3567
50.056
63.04
52.672
51.3007
53.5998
49.6304
50.7167
51.2128
48.406
39.006
55.3001
54.8978
48.5148
55.2073
52.0709
53.1975
51.118
50.4819
50.193
46.1779
52.9545
40.1548
31.9824
52.9204
51.9624
50.3552
55.2126
55.6685
53.2405
55.5493
50.4543
31.9183
53.2484
52.1652
49.4408
52.123
53.9656
53.6631
55.159
52.7638
50.4096
49.9726
54.0051
49.1985
52.4339
49.2043
52.6964
49.8841
51.1704
40.8391
51.3504
44.923
54.4202
42.0031
51.4254
49.8524
52.3745
48.796
51.7521
56.269
49.9395
48.5688
49.4034
51.9752
56.3099
48.6903
58.5513
51.3048
52.2416
51.8809
60.4697
51.7357
51.678
51.4555
51.0369
50.8679
52.6499
54.2543
54.1294
51.6584
50.3253
14.7367
49.2654
53.2626
50.3857
50.0426
52.8563
49.4848
55.7066
42.4567
48.9452
51.4846
55.4465
51.5715
51.0878
53.4668
52.3901
51.0872
54.5216
53.6642
51.24
51.6929
57.2006
49.7708
50.4805
50.3774
55.1257
52.8838
53.1569
49.3621
58.4599
49.5548
51.4026
50.2366
52.2555
50.9459
51.2441
52.7815
52.2617
54.3303
37.0663
51.004
51.0827
52.169
53.3046
62.1019
61.1227
46.9109
58.032
50.2731
49.0301
50.4535
49.5516
53.8476
52.5182
55.2982
52.5996
50.001
56.4318
52.0759
50.51
54.0169
48.7446
50.9847
54.6309
53.7385
49.3949
54.9486
54.3307
29.9251
52.6716
56.0801
52.2836
47.6062
60.3075
54.101
34.5202
50.4601
57.4771
51.8272
58.234
56.9013
51.1869
53.4069
44.6437
54.6126
51.2964
52.3753
43.4695
51.1171
49.8107
47.3697
50.489
48.2519
36.8644
50.7198
46.8174
53.9121
52.1103
52.7188
49.1783
53.8221
50.1332
48.9756
42.4094
52.6547
47.4187
53.1295
53.5371
48.6239
53.8628
48.5927
52.0032
51.3056
51.2184
53.5465
61.3759
49.9377
51.9659
49.4417
55.6506
55.5905
49.9587
50.6687
53.1626
51.1544
47.2146
55.8255
48.8624
53.996
50.9233
50.7708
47.0011
54.6431
47.5785
51.0411
34.1959
52.4272
48.9053
57.8552
54.2706
52.9357
51.4483
49.9487
49.1365
48.7769
46.6589
46.2564
51.4457
49.8562
51.2172
53.2617
52.6901
55.0844
48.2076
52.3946
53.1885
52.0192
54.1455
50.6908
51.359
61.7411
57.0359
49.627
52.3164
51.6192
50.3327
53.6405
51.6721
51.0795
55.9652
58.9468
48.7089
55.0101
48.5851
53.6923
52.6042
52.2296
51.2341
49.4296
53.089
49.8996
54.033
53.1333
54.2452
56.6715
51.3271
50.0696
50.0904
50.7214
54.408
44.913
56.4636
50.4073
54.1805
56.7502
52.6985
56.2082
51.6144
45.6403
53.8815
51.7108
51.2593
51.6618
50.4381
51.0014
57.1551
53.1671
55.929
50.9849
52.5004
54.3936
52.3211
58.0171
53.7972
46.5228
44.0992
51.667
57.3749
51.9813
57.1615
47.4938
53.9153
48.3185
55.46
54.6327
54.0969
51.8028
59.5438
49.6783
50.9721
53.8808
52.2034
36.6872
50.6825
52.8556
51.372
50.6856
50.0782
55.6495
44.7872
49.8711
53.4263
54.0646
56.6608
51.2613
55.9245
50.2483
54.2142
50.5391
55.1618
54.4747
56.0316
56.3377
41.7453
54.3574
48.3107
54.9339
53.9764
54.2595
49.4288
54.4884
52.4339
50.6654
53.2659
52.8177
45.527
47.4034
52.2605
51.1564
48.38
49.349
55.9832
51.9192
55.5134
52.9422
52.629
58.2645
60.0096
50.962
53.0155
53.4433
51.5741
55.1081
51.2037
55.146
56.5341
51.8215
50.8634
49.1455
58.9947
51.877
48.3206
51.2747
52.0225
52.4957
51.1477
49.5496
61.7993
52.2424
53.7703
47.4457
49.6525
50.3661
55.6399
53.5751
55.5459
50.0054
36.3939
33.9355
57.27
49.824
52.4162
52.9906
51.0964
53.8955
53.8107
50.3065
50.3887
50.245
53.5304
52.5117
50.7192
55.3999
51.8369
49.0166
41.1996
54.1769
49.6455
51.9188
52.5253
49.0677
51.1304
56.6861
55.4402
37.4354
52.8875
54.2379
52.0489
52.8791
53.3413
51.2463
53.9335
49.1299
52.6376
55.017
49.1233
48.6398
52.1064
57.8536
53.9159
53.9147
53.3682
48.7319
53.2482
55.933
55.3908
51.7878
52.7433
54.6155
50.0218
48.1655
55.169
54.6383
52.8512
51.8908
52.5829
48.2814
57.745
49.7611
49.8452
58.7575
48.9663
46.3482
51.6032
53.1575
46.9432
51.4284
46.7129
21.0736
52.4731
49.4235
54.7078
49.9969
47.043
51.6709
50.847
54.4839
53.6311
52.5537
50.8557
49.1227
49.6859
53.1026
53.4777
53.8937
54.7591
56.3298
50.7508
54.6532
50.0231
52.1024
53.0278
64.3302
53.675
50.812
54.5329
47.1066
50.6166
49.9551
53.5262
50.8054
56.2634
54.3542
54.0993
49.2817
56.4575
57.0178
50.8135
50.643
56.3293
53.3002
47.8448
54.4357
60.7707
58.0046
53.4144
52.7337
54.8395
54.2749
51.4781
50.0477
60.6805
49.2297
52.7668
52.7154
53.0253
48.7307
56.2321
49.4643
52.4584
54.4945
51.7568
53.8797
51.9876
56.2642
52.0498
52.4714
53.6447
51.4635
55.2087
53.7958
55.843
47.9462
55.8528
49.1416
50.3785
51.223
51.5294
53.8717
52.0306
50.8797
49.2329
49.3251
51.5454
55.1791
40.4208
49.6915
54.1331
52.5902
53.1337
51.0625
52.0661
50.736
50.7091
55.2868
57.0419
53.8282
50.9831
52.7542
55.1908
50.8655
34.7661
48.7924
54.56
53.49
50.0086
49.7157
48.0688
51.0133
51.7678
55.5554
53.1209
52.4854
51.864
47.3772
50.9165
55.1609
50.6343
50.8509
53.2227
48.698
38.7468
48.6648
55.4868
53.3116
55.1425
53.5591
53.3534
55.149
54.6503
53.3428
44.5073
51.4049
52.6512
52.6539
57.0967
47.5738
51.2055
55.5071
54.4971
47.9107
39.8485
56.6076
56.6256
36.6584
34.8986
55.9979
55.9531
61.3808
53.5685
54.9835
54.8749
51.3636
56.2552
51.4006
50.0132
54.7721
55.7082
61.3993
54.2901
47.9337
50.8233
52.696
53.6771
50.3691
54.5147
52.5032
49.2788
51.9712
52.7923
53.9774
53.1941
57.4958
48.9611
51.8876
54.668
55.5081
52.1357
47.3255
53.3342
52.6897
49.9521
49.2493
40.6005
51.4535
52.4952
51.2885
48.9823
51.9316
56.111
54.2151
50.9206
51.9497
54.7522
56.0384
54.7409
49.0581
54.0012
52.3495
58.4584
56.0622
55.2565
50.5605
51.3584
53.2775
52.3115
56.745
57.0154
54.1442
53.2514
52.0712
50.8388
50.3467
49.2491
54.1142
53.3637
54.566
53.1203
54.6284
55.7914
50.9632
52.189
52.3083
52.8057
52.7018
51.2109
50.9829
49.7053
50.3447
50.6699
51.2838
51.4354
54.0546
52.7684
51.6287
50.295
51.3363
51.5462
53.0716
53.5768
55.5657
49.6888
46.5893
52.6999
53.4944
51.1198
49.8125
51.8472
52.0363
54.6504
54.0268
51.394
50.3712
42.5221
53.0198
52.2371
38.1967
52.091
53.03
53.7888
51.3359
51.2333
38.7537
54.0211
51.1573
48.794
