44.4551
46.0811
44.8043
43.8707
17.807
47.1713
47.3062
40.1833
49.6306
42.537
46.1034
44.965
45.1243
45.4996
47.6646
46.9978
44.5879
49.7374
49.4141
43.6626
47.986
46.2317
47.7655
51.3176
49.5914
45.2446
47.7694
45.0208
47.6383
46.744
46.5093
48.3877
49.2134
45.9876
44.7336
46.951
45.8052
51.6967
47.863
47.9923
42.5207
46.7913
48.2976
44.1277
48.6801
48.6683
47.3917
44.7442
44.3054
45.4705
46.5885
46.9062
24.899
46.1795
46.5632
45.4319
45.9712
47.9829
49.6587
44.4089
43.2553
47.3845
49.1967
47.6826
45.7816
47.3804
48.5063
42.7027
44.3945
47.4872
45.0727
47.003
46.5583
46.7136
46.7007
47.456
51.7625
52.1734
47.3832
46.5324
49.5513
42.7926
52.3326
53.3619
41.8504
47.1589
47.6568
46.4678
43.1248
47.5152
47.2549
44.4064
46.8787
42.7631
46.186
45.4406
45.9986
44.5932
48.4117
46.6076
48.1898
44.1976
56.9417
53.1559
49.3758
42.6507
49.3417
44.7271
39.4421
46.875
43.9989
43.3509
44.9796
49.2667
46.9812
46.8575
41.8271
44.0709
47.1612
43.2116
46.8124
43.1846
45.9068
42.6175
46.9496
43.5025
43.2004
44.6042
48.3533
47.9393
46.4605
42.8837
47.0296
46.3436
46.6871
46.2585
45.5188
45.7425
46.3694
45.7536
45.361
46.0807
43.2161
45.3232
46.8907
47.6488
47.0025
49.1962
48.1733
45.921
45.9404
44.9501
47.5345
45.8107
46.9538
45.2201
46.0802
45.7303
48.8905
49.7648
47.3288
45.3402
49.6899
48.3489
50.935
39.9589
43.6845
46.5445
48.3849
47.9451
46.7347
46.6743
46.9893
45.9819
52.6702
45.4617
45.0381
46.1305
50.0077
45.6433
52.026
44.2582
50.3725
50.0835
48.7815
46.1238
44.6002
45.2568
48.594
44.1786
43.2954
43.33
48.1367
47.7652
46.064
43.7906
46.0529
44.073
39.716
43.835
46.2268
56.471
44.3329
45.2216
44.2505
48.8982
47.5344
47.7709
46.248
47.5614
49.6798
50.8661
47.0462
48.0805
46.3046
47.5022
48.5641
37.2879
43.5289
47.6195
34.1742
44.9681
53.7376
45.4683
44.0039
48.5573
45.1271
46.6756
50.192
49.4619
43.8269
45.9721
43.0631
49.8585
45.4465
45.9629
45.2828
46.0025
39.0869
44.7519
46.9521
46.4474
46.814
46.5817
47.3136
49.2891
44.8289
53.4668
47.0026
47.2435
40.6694
47.5637
43.5225
51.0816
44.7302
45.767
44.578
44.1024
51.9048
45.2228
44.8513
45.6353
43.3643
44.7361
49.9433
47.0581
44.6677
43.3738
45.1786
49.1936
48.8946
43.2663
47.1765
44.9394
50.4585
47.8836
47.4603
44.2875
45.1315
49.1532
47.3214
46.3042
45.6328
45.6236
46.949
45.6537
48.828
41.6176
47.4272
46.8664
51.4118
50.1608
49.2875
45.4438
48.0866
44.6506
46.7199
47.4964
48.4593
49.2324
48.3127
43.6123
41.8236
45.4431
44.7254
49.3344
45.4771
43.9353
44.9298
44.9798
49.0473
46.8092
51.2919
47.3728
47.2203
49.7319
42.4139
46.8146
45.4752
48.0462
45.9606
38.6189
46.5189
44.6736
47.4746
45.1395
45.2639
43.2629
43.0052
48.9367
46.4306
44.0885
43.0027
46.136
45.908
45.6336
45.8338
43.1333
45.657
45.3523
43.1043
50.379
46.9008
47.4804
44.7854
45.6445
45.0016
46.4538
45.4472
45.3905
43.7736
46.4454
50.165
44.4858
45.0191
53.1082
47.2342
54.4691
47.6441
47.4356
44.4837
47.5007
45.7292
47.6334
44.5612
43.9679
48.5172
16.7325
45.1437
45.9414
45.1504
46.0231
44.6739
47.0577
46.3736
43.5228
45.4511
45.1386
32.1737
46.4925
44.2373
48.3293
42.3229
47.0484
48.0854
51.3145
46.3405
43.8696
47.2235
44.0487
47.0746
45.3473
45.3095
45.1136
33.8797
47.4205
48.3304
46.9191
44.8194
44.4454
42.4056
39.5914
48.0062
47.0092
35.4197
47.1438
48.2525
50.7131
48.2996
46.046
43.9672
43.4176
46.3601
47.6503
45.5828
45.4454
46.0274
45.3714
47.013
47.6462
45.4482
47.4512
45.0161
45.581
44.9502
43.3375
46.7361
45.6275
47.7155
44.8766
44.9947
45.836
46.0928
44.9742
46.065
44.9687
42.6653
43.5015
44.8799
46.8539
43.3009
44.6126
44.4109
48.5446
43.8388
44.1546
48.6508
47.401
46.9557
43.8154
44.9849
46.5066
44.2748
44.5826
44.4538
46.5951
46.7524
45.4073
46.7462
46.3192
47.9087
46.878
44.4571
46.0165
45.6363
43.4834
48.9635
46.0064
46.9218
46.3337
46.1838
44.735
40.1801
46.0381
45.6919
47.7616
48.1228
46.1724
47.9689
47.5595
45.3734
50.1568
46.4241
43.5737
44.0669
46.3841
47.0177
45.7286
50.5294
44.7894
42.4342
44.7478
44.4294
45.8448
44.8222
44.5936
49.7542
44.5515
46.1178
46.6408
51.3665
44.2307
44.1921
55.6439
49.349
47.6916
50.6921
46.7857
46.3531
48.2153
42.9478
45.9049
44.3171
46.6726
51.8651
49.3173
47.3164
45.8776
50.7116
48.1808
47.4505
46.6243
48.0746
48.8866
48.2889
47.898
43.9945
50.2643
45.7934
46.5523
44.632
45.7718
47.0886
51.1742
46.2673
48.4672
47.8399
45.9343
51.6365
48.4308
44.3994
46.4865
45.9688
43.657
47.388
51.0523
47.6813
47.7885
41.2611
41.3135
43.776
47.3274
43.6614
46.2647
48.3955
47.0984
19.2254
47.4573
48.03
50.9836
44.8354
46.4174
48.9998
52.3593
44.0942
42.5572
45.5897
48.1088
44.4606
44.0362
46.0037
51.2951
44.0236
50.9402
47.4398
50.5111
46.5533
46.6596
50.3421
49.2174
46.9571
45.1593
51.0678
49.5953
43.4652
46.5433
39.7973
46.3998
48.9145
44.9921
48.9944
46.6805
47.7248
51.9813
46.6077
32.986
51.6778
47.1049
46.3893
45.462
45.7319
47.8308
47.9302
48.197
44.6831
43.6193
46.8898
50.534
47.6255
48.0766
45.7853
47.2294
46.0273
43.0333
47.6547
44.341
48.8972
49.1196
45.2984
39.4448
43.677
48.5771
45.3391
43.5993
47.7955
44.4472
47.0278
49.9968
43.0208
46.6475
48.5013
45.3392
44.1949
48.8268
48.1627
48.7577
46.4224
44.4398
38.7551
42.5543
47.5566
50.8269
49.7002
44.2503
50.1344
49.8646
44.7208
44.5456
45.7086
44.9075
43.7609
46.6516
43.5373
47.535
46.9034
41.9698
47.9491
45.1228
41.6792
48.3464
50.2859
46.0801
44.2329
49.7381
45.637
45.5856
46.5069
46.5014
44.528
49.2639
48.5167
44.9094
48.6978
40.5938
42.3598
51.1122
45.5101
47.6285
45.8786
48.5405
46.0577
46.389
50.4911
46.5962
44.7074
48.2157
45.115
43.9478
46.6521
44.3694
43.4959
47.5466
48.4805
49.4497
45.2385
44.5984
43.4596
45.3731
45.4108
43.4238
48.8327
48.9605
46.1462
46.9308
49.7369
46.7481
50.1039
49.378
48.6817
49.4248
50.0773
48.2414
47.6064
45.2619
45.2516
44.1238
44.9647
43.8414
47.2204
49.33
47.1711
52.0936
45.2527
51.0636
45.3676
44.4448
45.7531
45.9686
49.292
44.9525
46.4876
45.7565
44.9779
46.0511
43.6127
47.0407
47.3141
47.1628
34.9553
46.2266
54.5508
45.3574
49.3812
45.3133
49.1771
45.5666
52.5486
46.1136
46.6203
45.2108
48.1314
45.2682
46.8207
44.2637
46.1997
44.4932
47.6283
46.1461
43.5424
49.1095
48.8407
47.3076
45.4255
46.5124
49.0534
45.9204
46.8177
47.226
30.5517
47.5569
33.7927
43.9778
54.7353
46.7065
47.9535
41.6155
40.7879
47.7131
50.3763
44.1147
42.9474
43.6873
45.2204
47.9746
45.3186
46.1943
22.036
40.0727
46.1404
46.8968
44.3568
48.0261
47.3124
47.5593
46.4084
52.9325
46.2824
45.7372
48.8692
44.2715
48.7927
47.4178
47.4725
43.1733
45.219
49.8406
47.799
45.6859
43.8258
43.3401
45.4075
48.2954
46.0361
46.3426
47.5744
45.4681
48.3276
47.0108
45.3561
49.9009
48.9151
53.1035
46.3126
48.7428
39.7772
47.4054
46.0469
47.4392
49.6623
45.2981
48.5289
48.7025
39.2834
46.5845
48.8042
45.3149
45.3056
45.8518
48.2201
34.447
45.4799
48.5445
46.9496
44.4146
43.7578
49.3106
48.625
46.7238
49.1185
46.1641
45.4369
45.0093
49.2302
45.7217
45.9126
46.888
48.7472
46.4504
49.5508
46.8131
48.2387
44.2545
42.6047
44.5549
42.498
47.9178
53.4708
45.2128
46.9485
47.7697
51.1563
44.6555
44.6622
56.7818
46.4539
47.774
44.9306
41.5596
25.9774
47.4138
46.4064
49.4295
46.1745
47.2474
45.7201
43.727
45.9723
44.2836
48.6561
46.1222
37.3371
46.7385
29.6333
44.0001
39.3164
46.8652
43.1022
45.5178
50.4851
48.59
47.6321
46.9831
44.4512
46.0945
45.5653
45.9449
43.8889
46.3782
42.571
49.7124
43.0458
47.4757
43.5169
46.1672
49.861
43.0882
44.3209
43.3286
44.1308
45.218
49.2866
46.1084
45.6761
46.1339
49.8448
43.9598
45.8386
47.2296
44.8714
43.69
44.9458
50.2444
42.6496
48.7508
44.6098
46.5872
45.3786
47.4968
42.5163
52.0807
46.7089
44.8524
45.347
42.634
45.4863
46.0432
47.5957
46.2129
45.8643
49.8134
45.7269
46.7228
47.6038
43.3392
44.1633
44.7206
49.321
44.6692
48.6407
46.3951
47.3128
46.3024
44.2823
49.3814
47.0659
50.3784
48.987
44.1963
45.9807
47.0876
47.2387
45.076
44.9547
48.5306
45.6143
45.4054
49.4333
49.0343
47.2152
47.2197
45.1657
43.6155
44.7947
43.8887
45.707
47.5487
48.022
44.4511
45.7679
45.0881
46.7738
50.0443
45.2176
44.1016
44.3677
49.7932
43.3438
42.708
50.2047
46.9112
