40.4052
42.3955
41.7294
40.1354
43.6958
41.4894
29.8349
42.6907
44.1894
43.6876
47.1134
44.4115
40.1557
45.7862
41.9332
47.9272
44.3094
45.8226
42.6584
44.6748
40.703
44.651
43.4496
44.6871
45.5256
42.9087
43.1901
44.0106
46.4746
46.537
42.7682
44.4534
44.6201
42.2056
47.5076
42.6597
43.4947
42.1019
45.521
45.7366
42.1038
50.5557
46.4894
43.3225
41.2793
42.9992
40.6253
42.0949
42.0561
42.0893
43.01
42.0304
41.8843
42.7117
42.3354
46.5045
44.1848
42.0602
43.104
43.2691
42.3715
45.1892
46.3982
45.6646
43.9151
44.4799
42.5353
48.7358
46.8625
43.5519
48.1627
46.4763
47.6835
45.4515
45.2243
39.7547
43.5494
43.6878
49.7881
45.7058
43.0639
42.9659
43.499
43.0013
43.628
43.0944
45.9668
42.9511
46.0382
42.9922
45.4539
43.2839
43.4469
43.0435
41.402
49.1616
41.9467
43.085
44.0784
47.6681
42.7358
46.4476
48.3358
43.0692
45.0723
42.3638
45.7135
47.7431
41.0519
45.6362
41.9807
41.2641
46.6379
42.5243
43.6441
43.8003
41.0787
39.9321
42.4747
43.0097
48.56
39.7125
39.9818
44.3935
46.1658
43.7863
46.5599
43.6009
46.5997
40.2235
45.9164
42.1734
43.0542
42.2477
43.7581
42.5147
40.5579
43.9434
44.0788
46.0683
38.4993
41.1169
42.9019
42.2919
43.6873
45.489
42.9577
40.8025
43.5111
41.4143
44.2418
43.7955
40.978
46.0241
43.5437
45.0202
45.1465
41.7544
43.5373
41.878
43.7242
42.438
45.0565
42.1217
43.7684
42.2351
44.7512
43.4983
46.3388
43.1358
41.9295
45.596
40.4641
41.5122
48.215
43.5214
44.1013
46.5288
42.3739
43.3861
45.1939
43.6724
41.7242
41.6994
43.5143
46.2161
41.8172
44.5175
42.4279
41.3304
40.335
43.9812
52.6666
41.8192
43.162
42.5917
42.1559
46.6717
40.6161
42.4873
40.0975
46.209
44.1097
45.1123
43.1174
43.2606
48.7881
43.6776
43.8449
40.7837
39.5471
43.7532
42.2967
41.3502
43.6885
48.7073
44.3278
41.1899
44.298
41.5349
44.6558
42.7974
41.4185
42.8434
42.1487
46.2168
43.5273
41.7573
40.6443
42.2139
41.7497
45.392
43.3976
51.1806
43.1829
43.0292
43.3313
42.2661
41.4178
43.3217
41.4299
43.2924
41.822
47.5274
43.8887
49.1922
45.3653
42.5554
41.8652
43.2511
47.338
48.1965
43.1495
43.6458
39.8118
43.0817
41.6758
40.8406
43.2079
46.0345
43.2936
48.8503
48.1982
41.6884
49.7385
47.7978
44.3525
44.3455
44.9548
44.5168
45.8133
44.5508
45.0043
46.3431
41.5139
41.6305
44.0746
41.1006
44.0857
41.6803
45.1647
44.567
44.8478
42.0315
42.8487
41.7888
42.9987
39.1755
43.0878
45.6395
40.1485
47.4694
44.0887
42.5248
43.5055
40.5743
41.5893
42.9438
44.3308
42.6461
47.386
42.9687
45.9563
48.4635
41.6753
39.5021
41.6439
43.7556
40.2696
41.9538
45.5219
43.7983
45.1967
42.044
43.6203
45.2895
47.0554
43.2345
45.6554
41.8366
45.2629
43.4618
43.1646
42.3537
42.1296
40.3593
40.8786
44.6428
44.1889
42.9475
44.8123
45.4698
42.9746
42.894
41.1125
41.2646
47.0237
43.5551
44.0466
43.3399
44.4586
45.3625
43.4069
42.121
45.0723
44.1641
42.9586
41.2175
42.7379
41.2392
43.4412
42.5682
45.3467
44.3699
41.1842
44.3521
42.3108
40.76
47.7137
50.4092
43.2331
46.0144
45.1964
44.0875
46.7731
43.5673
17.6121
44.786
44.8945
43.2536
44.8393
42.6924
43.5329
40.1955
42.4628
42.6935
47.8434
43.1949
43.0171
42.7734
41.7184
42.2013
39.4828
44.1047
46.161
45.4709
44.6179
43.7064
41.5201
42.3864
40.6339
42.5411
40.5919
42.5686
35.768
45.0772
43.3142
47.1117
40.1517
44.1188
44.3275
39.6136
46.7093
42.5531
43.7608
46.9361
45.5779
42.444
44.2162
40.6134
43.9317
43.7004
42.6251
39.6615
42.7556
45.8676
41.0231
41.3463
45.2
42.2276
41.427
44.5492
45.0987
45.9285
42.686
42.3854
41.9695
43.5223
42.8176
41.8263
40.567
40.8888
43.2438
44.6214
48.6116
44.718
47.6515
41.834
43.9477
41.4936
45.8258
42.6904
41.1169
42.8218
40.9928
47.9365
45.1035
44.8833
43.766
42.6564
40.6265
40.705
41.866
41.3258
41.5289
42.1933
41.9592
43.4298
45.8386
45.2155
42.9732
42.3169
44.3851
45.2505
43.4223
45.8345
42.8769
41.3139
41.1042
42.3561
43.2976
43.2317
46.2051
42.7421
41.4808
43.8507
42.2207
45.1275
40.6121
44.3284
43.6737
44.299
44.7111
41.8182
42.1944
43.1347
40.9848
43.9338
43.8248
43.3536
41.232
43.537
44.4469
42.3657
50.6615
47.5073
41.1598
35.2398
44.3174
44.0213
34.711
42.4967
41.4012
45.3526
43.3714
44.0503
42.0405
42.1837
42.1711
44.3214
47.3491
44.7316
43.2412
46.4578
42.7869
41.9519
44.5131
41.916
42.7715
43.8372
41.7263
44.9042
45.5371
42.7436
45.0745
44.6114
43.4553
41.5977
42.1488
42.7445
44.6243
50.1717
43.9517
42.2316
43.639
47.7916
48.2967
42.5377
43.3977
46.6754
40.7124
41.8888
45.1469
42.1928
42.2527
45.4981
37.3279
44.0011
46.1395
45.7008
43.1292
42.4223
44.2953
46.1318
42.1
44.197
43.6055
45.1411
42.6508
40.8527
44.3635
43.056
40.598
42.8406
45.5977
41.8748
46.9159
46.3386
42.4247
44.9585
45.5445
46.4759
42.3816
27.9923
47.0916
41.8754
45.2995
42.6635
40.2961
46.3825
42.9007
45.8874
44.994
43.8147
39.0762
43.7143
46.7974
43.209
45.3422
44.1613
42.3654
47.4501
45.3837
48.1557
40.8031
45.6162
45.0948
41.3736
45.087
46.9466
44.9704
46.1236
42.9253
45.4631
34.3226
40.8243
40.2866
46.1679
41.5893
45.0425
49.1184
41.7381
42.9606
45.7033
44.8168
42.3093
42.5161
46.2815
42.7999
41.875
42.6389
41.721
44.0037
45.0947
41.5022
43.5853
35.9653
43.6342
44.5883
45.6325
40.7765
43.4111
30.756
47.1688
45.5843
45.9182
46.8138
47.535
42.2285
45.0153
47.0193
42.4134
44.1379
44.0952
40.7771
46.2146
40.2402
38.1052
44.9002
41.7874
45.4079
45.8651
43.9467
44.0363
40.9185
44.7058
41.3302
44.7277
40.5243
42.8046
43.7455
42.8953
42.0856
44.1978
43.4388
45.6916
40.7152
45.256
48.3909
41.7341
44.3182
43.8992
44.4482
41.3858
47.1596
41.1118
45.4429
47.7105
46.3532
43.7023
43.8298
38.8043
44.7248
41.9704
44.7025
42.6762
42.1795
41.6821
39.8408
47.8075
45.2617
42.7175
41.6518
45.1097
41.6891
44.6261
42.1767
42.7379
49.0329
41.8237
45.9789
46.2937
40.3409
46.5673
45.6692
43.4138
41.956
42.3378
40.0938
44.6466
40.9613
45.6716
43.903
44.5895
44.0116
46.0253
45.1193
45.5681
45.3865
43.2926
43.8452
41.1431
41.0832
41.6434
37.087
41.6003
42.5433
47.0597
47.4659
39.3113
41.7688
44.5254
42.7663
40.3942
42.7277
40.8351
44.6056
42.318
42.8763
44.4205
44.4606
47.1158
42.7101
48.8221
46.4145
47.8924
42.7633
43.6459
44.4195
42.6175
43.2021
42.2396
46.3018
46.9117
45.5062
40.5156
43.0274
48.9342
48.3602
42.6262
45.0447
43.7589
41.6361
43.4976
39.3574
44.7727
44.0471
45.2973
43.5375
31.3283
35.5298
39.3292
43.8814
49.0667
43.4008
45.8105
39.2991
41.7329
43.5347
45.5802
42.7805
44.947
43.5263
48.1204
43.6075
46.3207
41.3401
23.526
46.9067
48.5973
40.9871
44.6692
44.0221
42.5508
44.4554
44.0233
42.0482
44.2186
40.9382
45.7562
43.8746
42.8315
40.8081
40.6984
46.6103
44.4089
43.5419
42.3084
40.8344
44.455
42.2842
41.6371
42.7988
45.1413
41.4066
44.0021
41.7167
42.7886
45.2746
45.7953
40.991
41.5389
45.3797
47.5022
46.6661
43.6455
44.0791
43.8313
43.3598
48.4364
45.2559
41.8905
42.5747
41.6743
43.0331
43.3813
41.0092
43.1388
44.7306
43.8026
48.8925
43.6973
42.1751
42.8243
46.8663
43.802
42.3141
39.7977
41.7436
41.6986
44.311
45.9121
43.255
42.0942
41.3238
45.3725
41.4166
44.6819
42.4167
44.1376
42.7148
43.477
43.0364
40.5352
42.5228
42.1223
48.092
44.9635
43.0233
40.5208
27.8841
38.7033
49.1078
43.0107
46.4598
43.2499
45.2457
42.4444
34.9836
46.3882
44.9927
43.2416
42.9715
48.7525
44.7409
43.4305
40.8156
44.9201
29.9113
43.1982
42.7047
41.0161
41.033
44.739
45.8878
42.3771
40.758
45.9658
42.5416
43.1799
43.2987
44.0489
42.3671
39.5624
46.6575
42.9672
45.2183
46.8323
40.5137
45.0347
43.4578
43.1651
42.7141
40.1707
46.958
42.9126
44.7575
41.5185
43.9878
45.4481
42.2205
41.8229
42.0313
42.1544
42.1695
47.5223
43.8887
44.2817
43.7672
39.5469
42.3602
47.3065
43.1424
47.5933
48.2545
43.9058
47.4458
42.1224
44.6037
45.2091
39.409
46.4949
42.6579
45.1941
46.2154
46.7715
42.5385
40.8962
44.1622
40.7867
44.566
43.7648
40.4041
41.2987
43.8015
43.9612
40.1066
41.9995
46.4662
42.7533
45.3804
41.0616
43.5027
43.064
47.4793
45.3988
47.1224
42.3612
41.49
43.3525
42.7322
47.6938
44.5037
43.1596
42.5671
43.8811
42.4567
46.7791
41.9639
41.2431
44.4006
43.4364
43.7173
45.1454
41.9466
49.4069
43.5188
40.3754
42.9759
42.1438
42.5204
42.6477
43.1984
44.4168
40.4129
45.3677
42.4542
41.9428
44.8149
43.3254
