17.799
36.2111
31.4089
0
31.4666
0
22.8602
0
38.6621
0
0
0
0
12.9792
0
0
0
4.91077
0
0
34.1478
0
0
16.6796
0
0
0
0
15.8555
0
0
0
0
0
13.4767
9.70592
0
0
0
0
0
0.86146
35.7823
0
9.65195
34.3198
0
16.3079
15.7727
0
3.0225
0
0
0
9.7215
6.59281
0
32.7106
0
3.58062
11.137
16.3829
17.8485
31.8679
0
0
0
0.127556
27.0513
0
0
2.28204
0
0
0.905675
0
0
23.4542
0
0
0
0
0
0
0
0
0
0
0
0
13.4576
17.1885
0
14.4511
0
20.0543
26.9252
5.31727
0
27.1014
0.563054
8.44725
17.6565
0
0
0
15.2003
0
19.1079
0
0
0.219183
0
14.9755
36.9601
0
0
0
0
0
0
0
0
0
19.6959
2.26693
0.280572
0
0
0
0
20.2774
0
0
17.1829
0
0
0
0
0
0
17.5708
0
23.8213
0
0
3.76335
0
7.29129
0
0
0
13.529
0
0
3.37078
0
14.4279
0
0
0
0
0
15.7701
3.93001
12.6375
0
0
0
5.49381
0
16.2769
0
0
0
18.673
30.9504
0
0
0.0496524
30.9822
0
0
4.50263
0
28.1415
0
0
0
0
0
0
0
0
0
27.5021
1.95036
0
14.4642
14.0555
10.8621
28.5878
1.55669
0
0
0
0
34.3936
0
0
0
0
32.9346
4.40019
0
0
0
0
0.140044
3.2481
0
1.4058
0
9.44497
0
0
0
2.96349
0
0
0
0
8.12423
0
21.371
13.4181
18.0136
0
5.91492
5.99817
0
0
0
0
0
0
0
0
0
0
0
0
0
0
10.354
22.6746
1.36548
0.464621
0
23.2556
29.7208
0
0
0
0
0
0
0
0
0
0
0
0
6.23517
0
0
25.7004
0
0
0
0
0
19.1333
0
0
0
0
10.9207
0
0
0
0
0.213597
21.6515
0
0
0
0
0
14.5797
5.08955
0
0
0
8.60113
0
1.27035
0
13.3807
0
29.357
5.99545
0
0
0
0.360974
0
24.3067
0
0
0
0
0
0
0
0
0
0
0
0
0
0
12.7309
22.2769
8.67844
0
0
0
0
0
18.4998
0
0
0
0
4.71413
0
35.3018
20.1777
0
0
0
0
0
0
11.3913
10.275
0
0
11.3929
20.6795
0
0
28.4726
0
0
0
0
0
0
0
0
0
0
0
13.4905
0
0
0
0
0
0
0
0
33.5284
0
0
0.854358
0
30.0837
0
0
1.42864
0
27.3923
13.7219
0
0
0
4.20187
0
0
0
2.8773
0
0
13.4395
0
16.3186
0
15.3403
42.1283
0
19.8341
0
0
0
0
0
0
1.71518
16.2115
0
8.13217
0
0
0
0
2.50279
0
0
0
0
0
0
0
28.1246
0
0
0
0
22.0496
30.5359
15.5626
0
0
0
0
0
0
0
37.5084
0
0
0
0
0
14.2454
0
0
0
0
0
17.3207
17.2537
0
17.7789
9.75516
24.6057
0
0
0
0
0
13.2314
0
16.3361
32.9557
0
3.13995
0
21.5657
0
0
29.1094
0
0
9.06949
0
4.28232
0
0
6.07319
0
14.3573
0
9.09975
0
19.4056
10.9731
19.346
0
0
0
0
0
0
0
19.5645
3.735
0
4.57435
28.4072
13.3261
0
0
0
0
0
0
25.5478
5.84817
0
0
0
16.9674
0
0
0
0
2.21092
0
0
0
0
0
0
0
0
0
14.0938
27.0556
0
0
24.2078
14.1012
0
26.2588
0
18.8923
2.75546
40.1141
0
0
0
15.3011
10.1717
0
0
35.1633
0
0
0
9.16094
0.567399
21.1499
0
12.6931
0
0
0
3.57698
0
0
0
19.6756
11.8825
1.15503
0
13.1103
0
0
0
19.1643
0
0
0
5.33014
0
0
0
11.9582
0
0
0
0
0
0
0
0
0
0
0
0
0
0
0
0
0
26.2199
5.63658
0
38.1139
0
0
18.0152
0
0
2.25579
18.5409
0
0
6.17076
0
0
0
0
0
0
0.425259
0
0
0
0
21.4361
14.2842
0
9.81164
0
13.183
19.3897
20.2842
15.0881
24.6857
0
31.532
21.3468
22.1632
0
0
12.5453
0
0
12.9203
0
26.8401
21.5642
0
0
28.0845
0
4.90775
0
4.76295
0
0
0
0
0.163254
19.9077
0
26.0817
2.68266
0
0
7.98197
0
0
0
19.4327
19.5865
0
0
0.0271287
0
19.7489
0
0
0
0
0
0
10.9928
6.2966
0
0
0
0
0
13.8745
0
0
0
0
0
0
0
2.45077
0
0
0
0
0
0
3.49425
0
41.7794
0
0
0
0
0
0
0
0
17.0511
7.10559
0
0
0
1.85845
34.6972
2.22856
0
0
0
0
24.7087
0.0311054
29.3947
18.1476
0
0
12.0847
0
0
3.79824
0
0
0
11.6569
0
10.3216
0
24.6592
0
0
0
0
11.1802
0
0
7.53799
0
0
0
0
0
32.9256
11.5364
0
0
0
5.03243
0
0
0
0
0
0
0
7.99753
0
19.9173
0
19.5
11.3774
16.4327
0
13.9566
5.06132
0
6.73918
0
0
0
0
0
0
0
0
0
0
0.814661
0
0
1.6572
0
0
0
0
0
30.2638
0
0
0
0
0
0
14.1763
12.6111
24.8679
19.5808
29.7398
9.46596
0
0
23.7475
8.15518
27.9954
23.0801
0
10.402
0.781981
0
0
0
0
0
27.2733
0
0
0
0
0
0
0
0
0
0
0
0
0
0.251312
3.67857
0
12.1566
0
0
9.30143
0
0
0
0
8.08127
0
0
10.1384
0
10.1364
0
0
0
0
19.2626
0
0
0
0
0
13.1286
0
0
0
0
0
20.9487
0
0
0
0
11.1201
0
0
42.2517
0
0
0
9.26818
0
12.8499
0
0
0
0
0
0
0.476486
0
0
0
0
0.236326
0
0
0
0
17.7199
13.3595
0
0
0
0
0
0
0
35.7358
44.2369
0
0
41.6516
0
38.6008
0
0
0
0
10.0737
0
20.9212
0
13.5613
0
0
20.8895
33.421
9.23733
0
0
0
7.25293
0
0
15.2025
0
0
0.150082
0
0
26.9804
25.4037
0
0
1.26169
19.9569
25.0471
14.5498
0
31.0607
0
0
10.1905
0
0
0
0
29.4363
41.3183
0
0
25.0988
0
0
0
4.66428
4.6099
2.95981
0
0.280478
0.980124
0
4.91514
1.03102
10.0226
10.9869
0
0
6.44181
0
0
