37.8567
40.8554
42.0264
38.4998
41.331
39.6306
40.1745
42.2235
44.9676
41.6683
37.0496
40.7805
36.8258
38.2423
38.7026
41.1749
43.4724
38.6155
38.4106
37.4286
43.5777
38.1147
40.1802
39.6333
41.5762
37.7751
44.7463
41.3497
38.7101
42.7291
41.0835
40.9135
45.346
38.8217
39.6125
43.5562
38.9946
41.6323
40.2505
41.9926
37.5129
40.8513
41.3351
41.6443
36.4315
39.3588
39.1492
38.8373
42.6808
44.6904
37.6434
42.9471
39.7792
42.4676
38.3182
36.2553
39.8011
38.6293
43.3817
42.3652
42.3773
39.646
40.9154
43.1693
40.4984
38.9924
42.6761
41.6882
40.5447
37.1497
43.5536
44.4349
43.8007
44.0001
40.4959
43.738
39.9816
40.5486
40.9442
38.6568
44.8639
43.2062
41.913
41.3839
39.699
40.9791
39.4523
38.6826
39.5845
41.4477
38.9136
38.7311
40.0828
42.2985
39.4903
42.8992
39.2036
39.9721
39.9856
40.5601
40.9985
39.0154
40.9098
38.5083
41.9108
40.9731
40.8488
41.4379
39.4799
45.8998
38.5989
41.0987
37.7037
41.9644
40.1848
38.3905
37.9662
38.3225
39.0329
41.5442
45.3787
40.5881
39.1988
36.9899
38.0588
38.0185
38.8818
39.6629
38.3845
40.2739
41.0699
44.586
40.154
40.7679
45.3422
39.7106
43.6968
40.9501
39.1555
52.6141
42.6406
38.666
46.488
39.5176
42.3034
41.5347
40.996
43.1792
36.2822
41.9043
39.7587
38.3474
40.3457
41.103
40.5238
41.9293
43.2794
39.6465
38.0168
39.6302
43.7114
43.8667
39.5741
40.9008
41.1159
41.141
42.0643
39.5096
41.9286
39.7056
38.6947
42.1132
40.0129
37.487
39.2893
43.1693
40.904
37.2492
38.5575
41.6738
43.8983
45.0753
38.6772
44.4808
42.2605
40.4976
39.8494
38.2339
38.9626
38.4368
37.7155
37.5591
37.2061
41.3486
41.6872
42.5257
40.5818
38.6755
38.1359
37.164
43.6297
45.6519
36.9379
40.1554
39.9292
43.0793
40.2056
43.4129
44.204
43.8178
40.094
41.0253
39.1705
48.6717
40.7203
42.1014
39.7081
40.9218
40.8749
39.8703
39.8216
38.9733
45.2668
42.3654
45.4295
49.9129
37.2519
38.4613
39.0168
39.8371
41.6154
38.5674
39.9892
39.7343
38.6224
47.1054
40.9605
38.3153
42.546
38.8176
41.8933
42.467
42.8097
38.7961
39.0477
38.9748
36.5629
40.4883
37.9417
40.4937
46.7688
45.5889
37.0236
44.5538
43.3405
40.6943
45.916
39.0838
39.7555
43.3785
40.9637
46.7914
42.9542
41.0202
39.3039
42.5938
39.0968
40.3062
40.771
43.9571
39.1968
42.3821
44.5527
39.0481
38.0488
37.2889
36.2591
40.0089
40.9403
38.7715
41.0857
39.7029
39.9455
43.6136
36.9747
38.946
42.2394
44.8517
44.322
39.0739
39.4726
43.0507
40.3886
41.5147
39.7058
39.7583
38.568
40.3915
41.4838
40.977
41.2226
41.7576
40.0485
38.9282
46.4883
40.0927
40.3046
39.2652
40.0568
40.2631
44.9217
38.5488
36.7046
36.7498
37.4887
39.787
42.4662
40.4845
46.0169
44.5227
38.0289
37.1075
36.7047
42.9068
40.1856
38.6496
41.7765
40.9044
40.3585
39.9102
39.9455
39.2516
40.3489
41.8412
41.3333
39.7879
42.4533
40.3422
37.2991
38.1857
37.0238
38.9005
38.8816
39.5237
43.9839
39.0733
42.1797
44.9831
41.214
41.2425
42.7674
40.1027
38.8047
37.7155
42.9873
40.9581
40.581
38.8748
38.8063
42.179
39.2312
38.3862
46.2479
39.1572
41.263
46.7548
45.1522
39.5907
41.3898
40.2048
38.8606
41.6254
40.2085
38.1663
39.3025
41.7699
37.3381
41.8495
40.203
45.0427
37.1733
39.9538
39.8358
40.1179
41.9703
46.6829
39.6167
42.3415
44.0752
40.9166
44.0087
42.1074
43.0306
40.0138
42.0874
37.9581
35.7481
46.3695
39.8406
42.0034
39.4627
43.1991
36.1661
42.9669
40.8458
39.0414
40.266
38.2613
39.367
46.5346
45.6667
38.9649
38.7997
39.1586
40.8539
47.3775
40.3074
39.7635
39.9339
39.7142
43.0808
37.713
39.7698
41.6399
37.4123
39.2369
38.613
39.6986
41.8789
39.2453
44.2344
41.6065
42.4744
39.8441
39.8466
40.2269
37.908
39.2346
36.6859
38.8065
42.8216
37.2814
41.8868
42.95
41.8206
43.5818
38.0995
40.1904
42.7302
39.7381
40.1244
38.9715
38.9714
40.1689
42.3721
39.6304
38.4351
42.0568
37.4694
42.9274
40.8565
42.5019
40.6668
38.4154
38.2524
39.3529
39.7899
40.337
40.7953
38.8833
39.2737
37.4967
40.9178
37.7668
40.4687
38.4341
47.001
40.0055
43.0055
39.3957
42.1263
41.4365
45.7141
41.5912
38.5979
41.7461
38.3865
36.7403
41.6353
39.1804
46.6782
39.0663
39.3067
39.757
42.8475
41.2507
37.505
41.3023
44.5042
40.023
40.6983
40.5292
40.826
38.0217
38.607
48.2776
44.8512
42.5261
39.2439
44.8699
41.1437
39.2105
43.5322
41.0054
42.3383
42.85
40.8127
42.0864
40.0055
41.9054
42.9515
41.314
39.3251
38.6074
37.2461
40.684
45.5376
39.2941
40.8869
39.5251
38.1298
39.0842
43.9587
39.8359
40.7286
39.8072
41.546
41.4595
39.2779
42.649
42.0879
41.0494
40.1586
37.233
40.6376
42.4179
41.3784
41.3101
37.3481
42.4929
42.1577
37.8059
38.1745
38.7013
46.1546
45.3761
45.0409
42.4872
40.0548
39.4498
43.7971
38.534
42.7128
41.5716
40.1213
40.751
41.3293
41.8035
37.5514
39.5133
40.3077
41.326
40.7627
37.5882
41.5557
38.4918
41.512
43.5541
37.9671
42.3462
39.1466
42.677
45.1273
42.7209
39.512
41.5909
37.021
41.4593
41.1526
38.9201
39.7508
39.4476
35.0501
43.2301
37.4685
38.115
38.8001
44.5352
44.6886
39.3574
39.5174
42.9917
40.5731
43.6715
44.0317
41.5734
38.5207
42.7847
40.7769
39.4677
49.6285
40.6211
42.7204
42.431
42.1694
33.105
37.6424
41.534
41.6016
37.8423
42.6126
38.3561
45.3912
44.6481
43.8418
39.3813
41.0179
38.25
39.5388
42.5293
41.4918
40.2427
44.9013
51.7375
41.844
37.3544
38.529
39.136
44.5479
41.5574
42.1494
43.1629
38.3182
44.0859
45.1515
38.4214
39.3986
43.0317
41.5838
37.5429
43.3585
40.7076
46.1133
40.3873
42.5272
40.4807
42.1759
45.9505
38.476
39.9595
39.1558
42.1886
42.9082
40.9667
41.948
44.8193
42.2101
37.316
40.6524
43.1462
37.1406
40.8353
42.0981
39.5289
41.1669
42.3719
43.0856
39.1624
38.7025
42.8829
43.5765
37.9354
44.263
38.2519
39.227
41.6353
37.8058
44.0098
37.1647
41.8384
45.3861
39.0716
44.4379
42.2882
39.9211
39.4857
40.4023
36.6183
39.2231
37.6248
46.3889
42.6139
41.2678
43.8184
40.4914
39.9657
42.7359
41.0704
41.9105
44.2188
36.5201
44.7241
42.3951
37.2096
45.6485
38.1745
43.8638
41.8064
40.6946
43.7838
39.5057
49.0554
43.4457
39.0637
40.4757
38.7859
38.7258
39.3027
41.5017
39.3892
40.8267
39.577
39.4421
39.91
40.047
39.0495
41.9859
41.8767
46.9276
40.225
40.2168
44.5598
42.041
42.4706
37.5356
41.0363
41.3131
42.8547
39.1244
40.3306
42.3615
38.2595
44.4575
48.4697
42.1305
39.3095
41.1591
36.6505
43.7396
46.4293
41.21
40.6349
41.631
39.8476
41.2486
40.9827
41.289
43.8599
42.1176
45.0625
39.6675
40.6466
45.1875
39.811
45.6121
47.9626
37.998
38.5305
38.4158
38.7336
41.0782
40.7118
40.7903
41.0088
25.8746
39.2198
44.9597
38.8261
44.0039
37.7509
40.6584
39.2534
40.3997
38.5774
40.5007
40.0671
37.3469
42.6565
40.9895
40.2997
40.8543
38.4072
42.4635
41.8629
43.2301
41.2652
39.4462
38.67
39.9504
41.7795
41.5072
41.5062
42.2421
37.0321
40.5965
46.7197
40.8181
43.3624
39.1018
40.7898
41.455
37.8425
39.622
40.8242
40.0733
45.087
43.2807
40.2729
45.6323
38.7826
41.3833
42.4643
36.9719
40.9636
39.6416
40.6916
40.7208
24.8869
40.6903
41.5281
41.1793
39.7475
42.5772
40.1339
41.4302
37.2057
39.7398
39.2884
45.116
41.6094
37.0199
37.8807
37.2357
41.043
39.6478
42.0456
42.1424
40.2195
38.9401
39.8302
37.8525
39.8308
39.4618
38.6692
42.434
38.8868
43.682
42.2637
41.8665
39.185
36.1439
30.5036
44.5181
46.2127
44.3037
40.4195
44.4207
45.0377
39.6879
39.9081
40.5799
40.9498
38.4737
42.5639
40.2226
40.11
41.8628
41.8953
43.1105
39.4701
32.7861
43.1228
41.5342
39.3001
42.911
38.1758
45.2243
47.4503
41.2446
40.5516
38.6026
44.4606
39.7955
35.8592
42.9209
38.7083
40.1841
38.1839
40.8347
38.1095
38.3365
38.7216
41.3917
40.9661
44.2186
40.1565
36.1806
39.4932
42.5776
39.1325
39.1297
41.2605
40.9158
39.1452
40.7277
39.6809
40.3599
39.6143
45.5273
44.9168
42.4444
38.58
40.5102
39.7382
38.7895
40.9579
45.2507
47.2091
41.7384
50.2001
43.1887
39.7381
40.1792
41.2147
36.905
40.0516
39.3455
43.9614
43.842
40.3284
36.4874
39.1185
40.7683
44.5954
40.8347
41.5444
41.3278
36.9015
41.5445
39.3904
43.9652
39.7185
37.9622
39.2814
38.9303
38.1557
39.8202
41.3446
36.7355
44.3172
43.4847
39.1701
42.4013
40.1835
38.7351
44.7079
41.7935
42.8191
39.589
39.5968
42.2044
38.4487
37.5886
38.5678
39.6999
38.8756
42.0773
39.8813
41.1757
41.1348
40.7534
46.1193
43.1734
36.5102
38.6531
42.3172
39.2586
41.5964
50.2319
42.5038
