36.833
38.7633
39.3593
37.7304
38.9573
39.8954
36.7281
41.0841
44.0806
40.188
48.0439
36.7032
43.4456
42.3472
36.1839
37.7813
37.6
41.2872
40.4387
37.6648
36.902
40.8415
36.245
36.7454
35.6357
43.3451
42.0603
41.5525
42.455
39.7021
38.4128
38.4663
45.7981
40.316
38.6416
44.0896
39.9203
41.3649
38.2474
45.9242
37.9426
39.7461
40.7126
35.7097
37.1642
38.1994
43.0485
37.4077
42.2385
43.5004
39.2191
37.751
43.4777
40.9211
37.6621
36.0889
44.4077
38.7841
40.9715
39.189
40.2094
38.2661
42.4177
41.4195
42.841
40.1608
45.2971
39.0635
34.0792
35.9752
42.7937
39.9237
39.1957
39.4256
39.4715
44.0107
40.2882
37.8832
40.296
40.8836
43.3413
40.7268
39.1187
40.4487
39.2179
40.8179
39.6336
38.7336
38.1476
36.3321
40.3377
40.7631
41.0717
38.2885
38.5309
46.4739
40.6239
42.8415
38.9106
38.3035
37.1172
38.8224
38.9179
39.2001
37.4167
39.5228
40.0952
37.4213
41.5093
41.0986
37.5058
39.2167
37.4747
39.9554
45.2971
40.1625
43.2053
41.7389
43.6221
38.7874
39.0176
39.1115
37.7434
37.2901
43.6937
38.4883
45.4693
40.1574
43.1527
39.2283
36.4297
38.6207
37.6814
37.6643
43.2431
38.9703
38.4509
43.9051
40.2497
41.6331
39.4709
39.2127
37.5111
39.0633
41.9739
43.3472
45.2886
37.827
38.977
41.8872
41.9187
39.3747
42.6609
39.732
38.0561
35.7154
43.6318
38.1085
41.2739
43.3186
40.0138
37.8498
36.0714
39.0642
42.0629
36.9343
38.1267
42.0026
46.1834
41.0002
37.4929
38.9571
44.1679
36.4281
37.9704
40.9194
35.2258
44.918
37.8639
38.9294
42.0203
38.5399
39.0034
37.3899
36.693
36.0603
40.7482
40.9746
39.5477
41.8447
38.6159
43.5239
40.8924
42.5103
37.0942
37.1743
41.1159
38.0889
38.3839
37.3989
41.5992
39.2576
39.3754
37.3992
39.1405
36.2353
40.5555
39.563
42.4574
40.7874
39.2869
47.7349
41.0858
39.1561
39.7795
37.5903
41.166
41.9639
39.2481
47.2721
41.9274
38.2991
40.0154
41.0041
42.6931
38.3696
39.7757
37.4911
38.3966
44.1744
43.459
38.1737
36.3875
37.2869
39.1496
46.497
40.2866
41.4025
41.9013
48.0679
38.8381
37.6881
35.9139
35.8128
37.1094
42.0675
43.9736
35.8916
37.6952
42.674
38.5585
47.0676
37.5063
38.5494
41.0908
40.1596
44.4823
45.0187
38.5808
41.428
40.3434
38.9231
40.628
44.3017
40.8701
39.6566
41.9749
37.6049
38.1404
38.6775
37.9248
37.2542
39.7711
36.1047
35.7559
40.3072
41.9705
41.3223
35.5379
40.724
37.7731
44.0826
38.5323
36.4414
43.5509
41.8298
38.6513
38.0703
38.6891
42.8221
44.4204
38.2522
40.6048
40.884
36.5155
40.3301
41.7609
39.3911
48.5177
40.5931
40.8199
37.0597
38.5247
36.9238
40.7884
41.6966
39.0124
37.5733
39.9553
36.8521
39.1135
40.1445
43.5598
45.2647
37.8129
39.0318
35.8768
36.6831
39.2208
35.703
37.798
40.2305
39.6102
40.6139
37.7547
45.4632
39.8494
44.8007
38.4739
41.9703
41.3198
41.9231
40.9191
39.5199
39.7256
37.8143
37.5397
40.4934
38.0616
41.1038
41.1974
36.3311
41.0108
36.0114
38.1495
37.9069
36.2354
43.5294
44.4151
38.4303
43.4288
36.8576
37.6627
36.8242
40.9801
40.5162
37.6711
38.6223
41.0757
38.8381
46.0094
39.1045
37.2064
39.8718
38.6402
46.3
38.6031
39.0245
38.2322
42.7328
41.1805
36.7318
39.5343
39.6444
40.6879
39.1144
40.2733
43.0089
39.027
39.4179
38.8263
41.5788
43.0873
40.7946
40.966
42.9493
35.2536
36.9076
39.7109
41.1876
43.9448
42.6234
40.2766
43.0036
39.1234
43.7506
37.9887
42.5944
39.8773
38.3475
43.2711
38.915
39.3999
38.9826
42.697
42.5873
38.6187
42.3712
38.3997
41.2281
41.0367
36.6188
36.5954
38.197
37.4967
41.8484
38.1141
39.5757
39.3999
39.0425
40.5248
45.1108
38.8768
37.5381
39.8474
37.9643
39.2316
39.3425
38.6893
37.2259
40.7965
37.2231
36.7005
41.2766
40.9418
41.0018
38.2922
40.4762
40.7608
37.2
43.1646
40.25
40.2657
38.4162
39.0442
40.8585
37.6104
39.7515
37.709
35.7456
40.0016
38.0113
37.2327
42.4618
38.5714
39.9491
38.1788
39.5147
39.6558
39.0557
40.0581
40.7817
41.9005
39.4041
37.6634
44.1946
38.2159
40.1861
41.2469
37.6507
43.5591
41.1873
38.9689
40.486
38.319
37.0277
40.948
40.6179
37.7627
37.7607
39.8124
38.9563
38.678
37.879
38.954
37.251
41.2934
38.2181
44.132
40.2326
39.2085
38.753
35.9612
43.9079
40.5319
40.0897
41.2363
39.2818
41.406
39.0648
38.0707
37.0277
37.5954
43.6774
40.8497
37.3625
37.1354
40.751
51.5797
40.0622
42.1282
40.8727
39.143
42.0241
37.6397
37.7708
40.3793
39.1255
39.9757
39.7529
38.78
41.8108
39.756
44.3565
42.9896
39.0585
41.099
42.2241
39.1719
39.8361
36.239
38.3595
37.2307
45.4564
39.7272
39.3698
38.6747
39.8154
40.6035
41.3096
38.8881
41.3806
37.1483
36.5198
41.6798
38.8732
42.1445
37.5716
39.8953
39.0236
42.7501
41.8941
39.5316
39.8304
36.9004
39.4141
38.7887
36.9205
37.1298
41.5386
37.4481
36.5671
39.821
42.1033
38.6477
39.8025
39.0965
38.046
38.3746
38.1595
36.6325
40.1502
37.4109
44.1544
39.5243
38.389
39.186
42.2107
38.6732
39.1096
40.8006
37.0472
44.5303
46.0399
44.8589
36.1095
44.721
36.6205
38.9394
38.1643
43.0535
42.5209
41.0751
40.0345
40.1392
39.4562
40.8756
42.9611
39.3232
38.15
40.6924
38.5046
39.8795
37.8931
41.2909
40.7104
38.8741
34.1705
43.3111
41.8793
42.4633
37.8291
41.3021
40.9712
43.6812
43.0056
37.528
45.3596
41.1344
39.3684
41.5082
41.0277
41.2658
44.1086
37.329
38.9367
41.4813
36.5007
38.3622
39.0962
37.7342
41.3226
43.9533
36.1887
38.7984
36.9111
38.7003
42.4569
41.6674
36.3496
38.7381
39.8864
39.9445
45.8035
37.6618
41.4294
40.5586
42.1103
38.2812
41.9269
37.3377
38.8233
42.4776
42.8436
43.9897
44.039
38.9092
36.4992
40.8119
43.6362
42.0374
39.0085
39.0237
38.4746
39.4214
41.5088
38.0597
38.4483
40.3007
39.4654
43.7739
40.9648
43.8279
37.732
37.5811
41.44
36.3959
41.8323
39.8493
45.8606
41.9194
38.2164
40.7694
41.5341
39.7643
39.8065
39.3861
39.641
46.8998
37.3247
39.2338
42.9964
37.3839
39.1312
42.0409
41.997
39.7777
44.4119
41.0862
40.6839
44.1254
38.2078
45.0287
41.4686
40.1258
39.3107
39.6026
35.5741
40.8137
38.4126
40.0723
38.6966
39.2743
42.5561
40.1044
38.1606
41.4621
44.9333
41.4723
27.8224
42.3933
45.0685
38.9644
47.1586
41.5382
41.6612
41.1765
38.8082
41.3454
40.7258
37.2654
42.5433
38.7608
40.7955
38.4443
35.4837
40.9105
42.0834
40.335
38.7172
39.9772
38.8144
40.253
45.6008
45.4716
39.4461
40.7356
37.8837
40.7395
38.2774
40.3721
41.197
44.9026
38.8976
37.2851
39.7934
38.546
42.0522
42.1808
42.9334
47.6494
39.9056
37.3638
38.3101
36.6118
35.9305
42.1125
47.6902
41.6334
38.4652
26.9473
43.7108
37.6226
43.0011
44.8906
39.919
43.4768
39.0223
40.6553
39.9578
40.2048
35.9201
39.7411
43.8341
39.6628
39.637
37.7808
43.7338
42.342
44.154
43.9233
37.4636
40.0612
43.4001
36.9148
41.1545
39.7518
40.2588
36.1032
40.3223
39.7381
38.4591
36.4261
43.6158
38.4058
40.724
38.8891
40.0323
41.6512
41.5349
38.1685
38.2448
40.7987
43.784
42.3471
41.6461
40.2481
39.0737
40.9695
41.7248
39.6856
25.6754
41.7343
44.2988
43.3986
40.2864
38.5306
38.8418
38.6664
38.9287
43.6946
41.4516
37.6177
42.4959
43.1039
39.7812
40.931
37.1599
36.5015
41.7714
42.9488
38.305
38.2736
39.4851
40.505
40.2644
38.6401
37.481
38.7321
40.874
36.0282
41.516
41.3009
32.1393
39.6025
38.4867
39.0249
40.2808
39.0518
37.5479
40.8039
40.3976
38.801
39.6567
41.3125
41.2501
39.5508
43.1539
43.0315
38.316
38.8687
37.7162
39.575
39.1756
40.2634
38.6563
40.5375
42.134
37.155
50.2218
37.4299
39.1213
43.8197
47.2916
39.9764
39.3046
40.9401
36.09
40.1999
38.3954
44.3868
42.5889
39.7979
43.3004
38.3938
39.0932
42.2196
38.3131
44.6698
42.0833
38.8429
40.3679
40.4125
38.9284
41.0601
38.2211
35.7783
38.2576
40.8565
38.985
39.2293
39.9817
43.4792
43.6074
40.7828
43.4447
43.4936
40.4061
39.3765
38.8885
40.4001
36.5436
38.7934
36.0257
39.813
39.3507
43.0315
37.5865
42.6115
39.0854
35.5223
40.3788
43.1404
41.2571
40.3287
38.1116
39.297
49.9593
39.3669
38.2471
40.2572
40.7295
38.1815
39.1965
44.1365
38.9568
42.9187
42.6812
40.7391
43.4611
36.2451
39.7286
46.0688
39.6513
41.3212
50.2231
43.5317
38.9618
37.8994
35.9411
41.4557
37.9921
38.8963
40.1855
37.8656
42.648
39.5401
41.6167
40.8401
41.5004
35.8502
40.7997
37.8426
38.059
38.9197
42.6903
38.9642
38.7234
37.3765
43.0095
36.3821
35.3606
36.2276
41.3914
38.1357
39.9973
40.7278
39.1955
38.8245
45.5262
39.2747
40.6901
36.8198
38.8866
38.4485
39.109
41.4942
38.8039
43.6179
36.591
