36.1133
37.7425
38.7761
36.9189
39.898
36.3149
37.6586
47.2365
38.7419
38.3483
38.5604
39.2022
35.7751
37.3052
41.6654
36.3205
39.0235
39.5514
35.1639
36.7752
41.299
36.3263
35.7335
38.1272
39.0041
34.7339
40.4712
44.0073
42.1453
40.1983
38.88
40.1753
37.2841
44.6786
41.3803
40.6699
39.1281
40.9387
37.6817
36.1008
43.1527
40.8089
43.5423
39.7834
37.4557
43.8942
34.5699
40.8818
36.8748
44.0491
36.1635
36.6796
39.9668
38.4014
36.8164
41.2192
40.2113
39.0391
36.6977
36.4227
39.9163
43.6051
37.1613
37.2954
37.8324
40.8734
39.3166
36.5983
36.3209
36.2426
37.9501
41.8626
38.6804
43.3663
40.9372
41.9863
38.7503
35.3812
41.2574
48.1166
40.7192
42.8182
45.4331
39.0798
35.5885
37.0594
39.6951
36.5097
37.6788
38.5349
40.1811
36.7745
39.7513
35.4345
38.0072
38.6316
38.5078
37.3979
40.0139
42.7015
36.8353
37.2791
38.7241
36.4717
36.9022
39.2012
40.5389
42.5762
35.3582
41.6416
39.0807
38.3729
40.5102
39.2674
44.2735
38.1659
38.3499
40.2844
37.292
38.0056
36.3254
42.0891
38.4219
37.1175
38.3261
39.2185
42.0444
45.647
36.28
39.6316
39.3289
44.0041
36.5084
43.4375
37.7017
37.3563
43.1109
41.5969
42.4558
42.1711
37.2043
37.6129
35.9564
37.661
37.283
37.6456
39.2829
37.1196
37.8944
43.8745
43.8029
35.2471
38.0163
37.262
37.2706
40.6971
41.3184
41.1164
39.2288
37.1477
41.0942
40.4935
38.7473
36.0627
40.2881
36.6792
42.3061
40.9886
36.3492
35.0123
37.7532
38.1409
39.795
43.4939
41.2103
39.4296
38.022
38.9962
42.9771
36.118
37.2511
40.1337
41.5853
37.3191
35.8242
36.7479
36.4896
37.4759
37.1965
35.5978
35.8881
41.437
36.5871
33.8687
41.6992
47.0089
38.0476
37.9132
44.3352
52.4589
45.8014
37.4127
41.5942
39.6308
35.3457
38.7544
40.2266
42.0669
39.7262
39.4256
38.2656
35.9192
35.3774
38.8594
37.1875
41.922
39.6422
36.5886
36.3844
39.3347
40.2253
38.4747
38.2293
44.0011
40.8615
40.5346
42.9698
38.6251
36.9401
48.839
36.8571
39.8702
41.4488
39.0865
48.7702
37.7429
37.602
36.281
40.9544
39.6552
36.449
43.7701
40.0438
37.7161
39.0826
42.0368
37.79
38.4278
37.8306
41.7658
40.5331
41.624
35.0164
37.166
35.9646
37.6202
35.6344
36.2344
36.1682
36.561
41.8799
42.452
41.5708
41.443
41.7143
40.4403
47.6011
36.8974
46.493
38.5639
37.2099
44.615
35.4889
37.4448
40.7558
38.2254
45.4343
40.5748
37.7238
37.7669
39.7196
38.3882
37.5237
39.5156
35.9588
38.2477
35.495
47.8478
36.6314
43.3262
35.813
37.4196
39.6154
42.7016
43.6281
40.7679
37.7247
38.9111
38.59
37.7225
37.9712
45.5846
39.7724
42.881
37.1448
39.3852
34.993
44.6123
41.0057
34.6747
38.4228
38.6739
39.4094
37.3413
43.0833
44.1857
40.9694
40.1874
39.5735
35.9049
40.3195
36.5215
39.791
37.1153
36.3295
39.5738
35.5193
37.9794
36.1885
38.0534
40.1219
37.5806
39.214
39.3013
37.1675
39.0923
37.5417
37.6547
41.261
41.3368
45.9785
41.0975
35.4891
39.251
39.143
35.2198
37.0261
36.9336
37.2847
39.3865
38.251
37.9995
39.7174
36.1447
35.745
41.5211
36.6877
43.849
47.4441
37.5638
43.878
36.4412
43.8102
40.0776
38.483
38.1206
39.0014
39.4098
45.8841
43.1135
40.1079
41.0155
36.2474
40.8502
37.6358
41.0872
40.3194
35.2837
35.049
39.2195
38.4156
44.574
38.1183
40.3579
37.6121
47.1914
40.0165
37.092
39.7113
38.1141
40.0313
44.1771
43.1018
38.3302
34.3007
40.9765
47.2782
40.4363
41.4938
39.3664
42.6569
41.5505
39.7553
38.265
39.6363
41.7153
40.8581
41.2116
37.2643
37.6144
37.9308
37.8941
37.3592
39.8652
36.8587
37.88
37.5852
37.4062
40.5477
36.8113
39.0551
39.4171
37.2886
40.9916
34.9897
37.6248
39.5745
38.2682
36.8064
42.064
37.0345
40.4671
36.8959
39.5528
48.2653
37.5697
35.0315
39.0225
37.6516
39.7643
40.7741
38.7421
38.1042
37.7953
36.9447
34.2713
37.4166
41.2596
35.0236
37.3135
43.3914
39.2306
40.7358
43.6181
37.3211
38.5301
37.1099
36.5866
40.9449
36.6251
35.8996
41.0228
35.8566
40.7711
39.4574
36.6984
35.1312
36.9584
36.5224
38.9162
37.708
37.7259
37.0464
36.7661
36.2088
40.247
40.7169
42.4281
38.3574
43.7279
41.8575
37.8185
41.0922
36.8588
40.1075
37.6964
37.5741
40.1292
38.559
35.6796
39.7759
36.5876
36.3521
35.4217
40.0429
35.9715
37.5176
52.0885
35.9078
39.9959
36.8541
42.6771
44.6348
40.1196
38.7919
39.4748
41.5336
37.6567
38.7103
42.0013
41.5498
40.9152
37.0013
39.5993
47.9232
35.4824
38.0494
34.9626
40.0713
42.8295
40.4547
40.654
37.0153
36.7245
35.7068
39.7875
46.8128
38.6172
39.9829
40.8365
36.394
37.1278
40.7661
41.1234
39.2857
38.4183
38.6734
38.4542
42.7851
40.6742
38.8148
37.405
38.3694
37.4178
36.9691
36.3445
40.2738
36.9169
37.5246
36.5955
35.6435
39.9323
40.9653
39.3162
36.2764
37.544
37.2295
41.8397
40.6054
38.8154
38.0664
38.6321
39.1262
41.2373
38.3402
40.8491
35.3033
36.6372
43.2285
43.5879
36.5803
41.6031
37.7187
40.6988
41.8574
35.9989
39.9042
39.5546
38.787
38.4781
40.0327
37.5064
37.6045
36.4052
41.8982
35.9506
36.2376
38.1406
39.3087
37.3519
45.0648
42.4284
37.7368
37.2869
39.3639
40.9428
45.1439
36.2992
37.501
35.929
42.7488
42.9497
43.818
36.2157
39.4882
34.2524
36.2154
36.0358
42.3258
39.8306
37.1607
40.5218
35.356
37.4927
43.8921
39.6738
37.0719
37.8885
39.0717
35.7546
40.9401
38.2348
39.3645
39.8052
38.5267
36.9716
39.2851
41.3292
38.5689
36.8998
42.3461
36.7279
41.113
39.7453
37.5108
38.2489
42.876
35.7802
37.8538
38.9269
38.4988
40.2305
44.4683
37.6242
38.4848
39.9668
34.4552
36.9052
39.8836
41.572
42.2077
42.8439
41.3039
36.5006
36.374
38.086
39.3007
38.9416
37.4317
40.8734
38.7761
35.7244
45.2298
39.9387
40.3956
37.2894
40.8563
45.2841
43.5545
36.0067
41.962
37.0077
40.185
43.8952
35.8772
35.2624
39.6711
39.9016
39.0798
38.0268
39.9411
39.0716
46.4799
40.3445
38.0406
38.1635
36.5457
34.0537
43.3203
38.6925
42.8946
43.8766
39.734
37.6666
40.1135
37.7876
37.3144
38.5276
39.9146
36.6139
35.5278
36.3585
38.381
41.4564
37.2848
45.117
35.5254
40.5074
40.0168
37.6321
39.6539
40.8402
36.2769
45.1629
40.2166
40.0355
39.5589
40.1915
37.0481
36.4277
39.893
39.6174
38.675
38.6593
38.149
41.6951
39.5503
44.8347
49.6413
37.293
39.4002
39.1118
36.3534
38.7368
37.6077
37.6825
36.5879
37.7583
44.3044
37.9951
40.2335
41.3042
45.24
43.5239
45.808
39.9067
38.6749
36.9286
37.4375
36.3745
37.6626
47.7652
41.7488
38.6823
36.7756
36.5325
37.0146
39.8599
40.4803
39.5909
48.4375
37.1051
36.5889
42.9886
41.0079
39.0527
38.5413
40.2533
40.6763
39.5435
36.1192
35.6324
41.7744
41.588
41.57
44.1545
36.5364
34.9367
39.3718
41.2525
37.1896
36.3006
29.0504
42.7623
38.4166
37.7024
39.1443
38.4219
39.7647
36.0077
39.0354
41.2275
35.0042
38.5634
37.0506
34.8478
36.9349
43.8423
36.5744
44.2661
37.3553
36.5395
36.1911
43.3822
40.3367
40.1269
43.1451
36.3719
37.3449
43.246
40.5068
40.7443
39.8311
38.8841
40.0407
41.9869
36.6092
36.4306
36.8822
42.5651
35.6409
39.1658
42.0148
40.79
40.1291
36.3026
27.9521
40.6799
40.619
38.0663
38.4834
38.4416
36.3103
36.4651
36.1099
41.1346
37.7992
41.2665
40.7731
38.661
40.8791
42.6737
38.5277
34.8991
37.3031
34.2003
39.9917
39.5435
39.2487
39.0724
37.6654
37.4022
38.6612
37.1022
37.3083
42.6616
37.0596
40.3259
38.8121
38.6082
36.35
42.7932
40.2478
38.5722
38.0387
36.7028
36.7326
39.6354
38.7108
36.8009
38.4374
40.0124
37.7025
43.673
37.4
39.6082
38.7318
44.081
38.9034
39.0512
43.4148
37.4585
36.4083
36.549
42.6427
39.1382
37.2567
40.2981
43.0833
47.0246
39.5398
38.6759
33.7976
42.6059
44.9026
38.855
37.8717
39.4607
38.5336
41.704
38.2292
42.0085
37.2435
37.8637
40.7421
37.6674
39.2405
41.9303
42.3167
36.9449
37.7341
38.0685
38.9925
40.5576
38.4776
38.2195
43.4669
34.7608
42.6548
38.1739
42.0276
40.9737
38.4216
38.9757
35.8799
39.3015
36.3885
41.1445
40.0872
39.39
37.4483
39.4292
35.0367
37.1571
38.2024
35.4986
42.2706
39.7996
37.5752
42.2005
40.3163
39.9303
34.6319
37.7517
38.2577
36.6936
42.6415
45.2387
38.7282
45.0078
36.603
43.3413
42.2135
39.1371
35.2538
37.9936
36.9111
39.2201
42.9685
36.9042
39.4595
38.7759
40.3086
45.2354
34.9516
36.7001
41.8609
38.4416
40.6744
37.7964
38.2537
38.4154
37.97
40.0835
36.0458
36.5737
37.8695
39.1379
39.0741
37.0896
36.6335
40.7302
41.9648
44.0371
40.9842
37.5752
37.5904
37.9984
33.9955
40.3128
38.4731
44.9124
42.6108
37.1449
38.2392
39.9673
42.9587
47.4147
38.4233
38.4737
