44.0663
21.6896
10.7605
0
0
23.7594
0
8.71802
0
6.89902
0
26.5687
33.6726
0
0
0
15.724
0
0
0
10.461
0
0
37.6889
26.0318
0
15.775
0
0
11.6703
0
28.5135
22.6906
0
0
0
0
0
45.0685
0
0.780494
15.7276
0
2.4792
0
0
22.1034
26.4558
5.8229
0
22.699
5.50681
16.1069
0
8.53935
21.3751
0
7.72192
6.3824
23.0362
26.6054
1.44475
10.1094
8.50333
0
5.23444
36.1522
0
30.0773
0
0
16.5699
0
12.7524
22.8212
0
0
0
0
17.9172
7.90147
0
8.84759
19.1523
0
0
0
9.66873
0
17.8919
20.3219
20.3318
9.60327
10.7254
0
0
0
0
0
0
0
0
0
0
0
0
0
10.7742
0
0
5.39197
0
0
0
0
6.84141
14.6364
0
31.0994
0
0.239784
0
0
8.43168
0
1.15617
0
0
5.76534
25.7906
0
0
0
0
0
7.7491
0
0
0
28.2715
6.50016
6.18358
14.7659
11.2828
0
18.2102
0
0
0
0
0
2.74736
26.5702
5.86113
2.97073
0
0
22.0726
0
32.4677
0
17.8259
18.2292
0
0
5.99144
0
0
0
0
8.12597
16.2274
0
0
19.7584
19.1715
31.4648
7.46976
20.152
10.0342
0.441309
0
0
33.0207
0
4.31918
0
0
11.158
0
36.1377
28.956
9.73992
0
0
9.45671
0
4.65427
0
4.71508
0
33.4027
0
0
16.0466
0
0.703341
0
0
0
0
0
22.9618
0
0
16.6592
8.06526
0
25.0431
13.7978
22.9227
0
8.66054
0
15.2763
0
0
8.55505
0
0
0
35.8305
13.8609
0
37.4222
0
0
3.42584
20.6414
33.6793
0
0
0
34.5511
0
25.8342
13.8816
0
8.95867
30.5436
31.9106
25.3972
7.03063
0
0
0
15.5001
0
0
35.9306
0
0
7.11004
0
14.4721
0
2.89529
16.7882
1.35169
0
6.94444
0
12.2796
0
1.46116
9.46701
0
22.5799
9.50172
0
15.1918
0
0
33.7222
0
0
10.2605
16.5815
42.0396
0
28.9392
18.3233
20.4929
0
0
2.59106
22.3558
0
14.9221
0
23.6899
14.4245
10.4384
0
13.6969
0
0
0
7.16214
0
0
0
12.0389
0
7.3765
15.8302
0
17.3487
0
0
0
0
11.8284
9.60224
0
21.144
0
17.2596
0
6.65214
5.0923
0
0
0
0
0
6.1882
40.8224
18.0663
0
27.5424
0
10.6969
30.8972
0
0
10.4628
0
7.2242
25.7986
0
0
13.7877
0
12.518
0
7.34429
0
21.7416
0
0
0
0
0
4.80104
34.9237
10.2049
7.52045
0
0
4.50373
17.8834
0
0
21.8901
0
8.75545
0
15.3224
0
0
20.1691
0
23.6284
0
0
8.22851
0
0
28.1196
0
0
0
20.0819
6.41662
34.3065
6.26485
12.3415
0
32.2388
9.23232
17.4399
20.0401
12.619
15.5489
2.49159
0
0
0
17.544
0.823775
11.7672
0
6.04054
0
0
13.339
0
19.6775
19.2854
0
0
0
0
0
9.5453
2.62172
0
0
4.88995
0
13.9952
12.8662
0
22.8768
2.23548
15.7506
13.0008
0
0
0
5.92201
30.0786
29.8187
22.3821
0
17.8608
0
12.5949
0
0
0
5.51294
0.107402
0
0
8.25566
0
16.6627
20.8455
16.8378
11.1456
10.7108
0
10.7625
33.8779
0
0
0
0
0
0
24.6528
0
0
13.2222
15.5076
8.49193
0
45.4021
0
28.7863
11.6121
0
13.4521
10.4247
0
0
1.40757
5.1012
0
0
0
17.2819
17.2038
37.0314
0
0
0
15.5204
20.6935
8.72379
8.64431
0
0
0
0
0
0
0
14.4125
3.06818
0
0
0
0
0
0
0
0
0
0
23.9474
14.9127
0
0
13.7246
0
0
5.14618
0
0.0437743
0
36.1071
0
0
0
0
29.3126
36.4294
6.29511
0
0
0
0
0
31.1163
0
16.3347
0
36.8116
0
25.7183
3.90101
0
32.4704
0
0
0
4.86235
32.1588
0
0
9.43282
0
5.67672
14.4824
0
12.4452
0
0
23.368
15.7881
13.3151
0
0
0
0
0
9.85703
17.7719
18.4226
0
5.57612
0
30.1471
32.3891
0
3.47408
0
18.9183
0
24.7788
27.4148
4.33761
35.7923
25.1815
6.88841
0
0
0
36.8515
6.86983
13.9176
0
4.24486
8.72655
18.1568
0
15.7854
9.4291
0
0
0
0
0
0
28.2807
0
0
15.2711
14.4656
18.4854
9.1004
0
0
6.99746
33.4752
7.97354
0
32.7678
0
0
0
32.5516
0
1.97839
26.0131
21.9327
0
26.4056
0
0
0
0
28.6357
0
26.6718
0
0
24.1938
0
0
0
9.34613
0
0
17.1236
18.5758
14.0133
11.7393
0
0
0.155273
5.90527
0
7.24476
2.1157
10.3208
0
0
0
21.0479
0
0
0
22.9158
4.41665
0
0
32.0967
15.9794
6.02788
29.8721
11.6205
0
0
0
0
0
31.0209
16.3683
0
0
0
17.2398
0
0
15.0639
6.75062
0
13.3289
24.0195
0
0
0
0
18.4846
0
20.4101
7.9567
0
0
0
0
4.60684
0
0
0
0
0
0
20.5599
30.2806
0
5.73592
4.87792
9.55432
0
39.3604
0
0
0
0
1.24239
41.2163
0
0
0
26.91
0
17.4448
0
9.41109
18.3129
24.2303
0
12.7736
0.736868
0
0
0
9.59177
15.3143
23.7336
33.0532
0
0
0
0.67007
18.6028
10.9572
9.3752
0
9.44505
0
6.56255
12.2939
16.34
26.8329
0
41.3265
3.12974
0
0
1.28271
0
0
14.6398
24.74
0
0
0
10.3175
28.1363
0
0
0
1.33116
0
0
23.192
16.6927
0
0
12.4369
0
0
25.08
3.3962
27.6126
1.70307
47.0661
20.8216
23.0284
0
28.3238
0
0
0
0
0
0
0
0
9.44791
0.79604
0
29.8299
0
10.3704
0
5.99228
0
39.4411
5.00991
0
14.9143
32.15
24.8356
37.524
7.01257
40.5761
0
25.5032
0
0
0
13.1852
11.0689
15.5113
30.7595
21.4799
0
23.9495
0
0
24.9195
6.1603
0
22.0839
2.52601
21.2356
0
0
5.57051
0
0
22.7825
13.0119
0
9.78643
0
0
8.98037
30.2107
21.126
11.1201
15.8316
0
0
14.3027
0
0
44.6748
9.002
6.93231
24.5693
14.9294
27.9747
35.0466
28.6805
0.0601585
0
0
13.5395
0
0
0
14.912
0
13.7964
0
0
0
19.9363
0
18.8617
8.08
0
12.4547
0.523629
10.2758
20.0191
0.258387
0
0
0
0
0
15.5851
0
14.5193
5.84696
3.41043
7.8117
27.9649
14.4496
0
13.6456
16.4608
7.35753
0
25.7332
10.0076
0
8.25667
0
3.15567
10.4675
0
18.3716
27.987
16.8716
8.59943
30.577
13.8673
0
7.17645
9.59678
0
16.8929
0
10.4092
25.6998
0
24.6198
0
8.78934
0
0
0
14.4375
0
9.0433
8.11524
0
18.4356
0
0
13.0632
0
0
29.5986
0
0
9.80909
6.21875
8.77177
0
8.69696
6.28108
0
0
5.59077
0
18.8651
0
0
39.0113
0
31.5879
0
0
21.9195
18.7602
27.6144
0
9.7712
20.9806
0
0
8.75548
9.60086
0
21.3655
11.673
0
0
0
